2 0.62890625 0.37841796875 0.02490234375 0.02587890625
0 0.564453125 0.36767578125 0.16748046875 0.21728515625
5 0.56103515625 0.28955078125 0.107421875 0.23779296875
3 0.57421875 0.1904296875 0.037109375 0.037109375
5 0.56494140625 0.13916015625 0.07763671875 0.13330078125
1 0.5751953125 0.09228515625 0.0341796875 0.0439453125
2 0.26513671875 0.3564453125 0.029296875 0.03857421875
0 0.22998046875 0.302734375 0.1279296875 0.2158203125
5 0.220703125 0.22412109375 0.08984375 0.228515625
1 0.23193359375 0.138671875 0.03662109375 0.05322265625
0 0.892578125 0.1787109375 0.1220703125 0.12890625
5 0.85498046875 0.1025390625 0.04443359375 0.1572265625
5 0.89208984375 0.1220703125 0.060546875 0.16748046875
3 0.857421875 0.03955078125 0.02099609375 0.03173828125
1 0.892578125 0.0595703125 0.02734375 0.03955078125
0 0.94140625 0.1171875 0.08154296875 0.107421875
5 0.93798828125 0.072265625 0.0458984375 0.1220703125
1 0.9365234375 0.02783203125 0.02197265625 0.03515625