2 0.529296875 0.318359375 0.02490234375 0.02392578125
0 0.4833984375 0.3046875 0.12548828125 0.22509765625
5 0.482421875 0.23779296875 0.10107421875 0.22607421875
3 0.49072265625 0.14013671875 0.03173828125 0.0341796875
2 0.14501953125 0.2685546875 0.02490234375 0.03076171875
0 0.111328125 0.22802734375 0.11083984375 0.1796875
5 0.10546875 0.1572265625 0.080078125 0.2080078125
1 0.1123046875 0.0771484375 0.03076171875 0.0498046875
0 0.84619140625 0.16650390625 0.10693359375 0.142578125
5 0.84326171875 0.10986328125 0.0556640625 0.16748046875
1 0.84326171875 0.04541015625 0.0224609375 0.0341796875
0 0.90771484375 0.14990234375 0.04345703125 0.1279296875
5 0.87939453125 0.06884765625 0.0390625 0.0859375
1 0.88134765625 0.044921875 0.0234375 0.03271484375
4 0.60986328125 0.05029296875 0.07421875 0.09619140625