0 0.74658203125 0.12890625 0.09619140625 0.12890625
3 0.5126953125 0.15576171875 0.02978515625 0.03515625
5 0.1318359375 0.1787109375 0.083984375 0.22412109375
0 0.13671875 0.24853515625 0.11474609375 0.19140625
5 0.5029296875 0.2509765625 0.1025390625 0.23095703125
2 0.169921875 0.2861328125 0.02587890625 0.02734375
0 0.501953125 0.322265625 0.13671875 0.228515625
2 0.5537109375 0.33349609375 0.02490234375 0.02490234375
5 0.7890625 0.048828125 0.04296875 0.09619140625
5 0.74658203125 0.0732421875 0.0537109375 0.14599609375
1 0.1396484375 0.08935546875 0.03466796875 0.04541015625
0 0.80810546875 0.11181640625 0.05322265625 0.11328125