2 0.6025390625 0.36083984375 0.0224609375 0.029296875
0 0.5419921875 0.34912109375 0.16015625 0.220703125
5 0.541015625 0.27880859375 0.107421875 0.23876953125
3 0.5517578125 0.1787109375 0.0322265625 0.0341796875
5 0.5068359375 0.11328125 0.05078125 0.14501953125
1 0.50537109375 0.06396484375 0.033203125 0.0439453125
2 0.22998046875 0.32958984375 0.02490234375 0.037109375
0 0.19580078125 0.28125 0.1279296875 0.2158203125
5 0.1875 0.2119140625 0.09130859375 0.23876953125
1 0.19921875 0.11865234375 0.03955078125 0.05419921875
0 0.9208984375 0.138671875 0.07421875 0.10986328125
5 0.92529296875 0.095703125 0.04150390625 0.15478515625
1 0.92724609375 0.0380859375 0.0224609375 0.03955078125
4 0.57958984375 0.05810546875 0.07861328125 0.107421875
0 0.64111328125 0.05322265625 0.06396484375 0.10205078125