0 0.7509765625 0.12158203125 0.095703125 0.1279296875
5 0.9384765625 0.1318359375 0.04541015625 0.16650390625
1 0.74609375 0.0166015625 0.02197265625 0.03271484375
0 0.9345703125 0.1787109375 0.10205078125 0.13330078125
0 0.03955078125 0.1845703125 0.0771484375 0.17626953125
5 0.408203125 0.193359375 0.09130859375 0.21923828125
2 0.0576171875 0.21826171875 0.02490234375 0.029296875
0 0.4091796875 0.25048828125 0.1123046875 0.20458984375
2 0.44921875 0.259765625 0.0224609375 0.02392578125
1 0.02490234375 0.03955078125 0.03076171875 0.04052734375
4 0.6630859375 0.04638671875 0.072265625 0.0927734375
0 0.82666015625 0.068359375 0.0751953125 0.091796875
1 0.9345703125 0.06884765625 0.02099609375 0.0341796875
5 0.75146484375 0.0712890625 0.0595703125 0.142578125
3 0.41650390625 0.09765625 0.03173828125 0.0283203125
5 0.029296875 0.1025390625 0.05517578125 0.16845703125