2 0.92333984375 0.3818359375 0.0234375 0.03076171875
0 0.8564453125 0.3583984375 0.1611328125 0.2080078125
5 0.857421875 0.30810546875 0.09326171875 0.234375
5 0.8916015625 0.30712890625 0.095703125 0.2275390625
3 0.88818359375 0.2119140625 0.02978515625 0.0439453125
3 0.91552734375 0.212890625 0.02685546875 0.04052734375
2 0.365234375 0.20361328125 0.02197265625 0.0205078125
0 0.32763671875 0.19140625 0.10693359375 0.17626953125
5 0.326171875 0.142578125 0.083984375 0.19677734375
3 0.3291015625 0.06103515625 0.02587890625 0.029296875
0 0.92822265625 0.13671875 0.09765625 0.12451171875
0 0.71435546875 0.12451171875 0.10205078125 0.12890625
5 0.927734375 0.091796875 0.04150390625 0.14501953125
5 0.71337890625 0.068359375 0.05029296875 0.13232421875