0 0.8857421875 0.19189453125 0.12158203125 0.14794921875
5 0.88818359375 0.13330078125 0.052734375 0.169921875
5 0.85546875 0.1103515625 0.0380859375 0.1640625
1 0.8828125 0.06787109375 0.029296875 0.03857421875
1 0.8564453125 0.0439453125 0.02685546875 0.03173828125
2 0.7509765625 0.28857421875 0.0234375 0.02734375
0 0.7041015625 0.279296875 0.12158203125 0.1923828125
5 0.701171875 0.2080078125 0.06884765625 0.18115234375
5 0.732421875 0.224609375 0.07763671875 0.20263671875
3 0.7197265625 0.13818359375 0.02490234375 0.03857421875
3 0.744140625 0.14013671875 0.0244140625 0.04296875
2 0.326171875 0.17626953125 0.01953125 0.0224609375
0 0.28662109375 0.1640625 0.107421875 0.15625
5 0.28515625 0.12060546875 0.08154296875 0.1865234375
3 0.28857421875 0.03955078125 0.02685546875 0.02734375