0 0.45654296875 0.1455078125 0.10009765625 0.134765625
2 0.4912109375 0.162109375 0.017578125 0.021484375
3 0.48046875 0.03564453125 0.0224609375 0.03076171875
3 0.46484375 0.03662109375 0.02197265625 0.03271484375
0 0.828125 0.06005859375 0.0703125 0.09033203125
5 0.740234375 0.0634765625 0.04833984375 0.12451171875
5 0.44921875 0.078125 0.052734375 0.1201171875
5 0.2265625 0.07861328125 0.072265625 0.1572265625
5 0.47509765625 0.08447265625 0.05078125 0.12353515625
0 0.2236328125 0.10693359375 0.08837890625 0.09619140625
0 0.75146484375 0.10791015625 0.0888671875 0.11865234375
0 0.6689453125 0.11181640625 0.0888671875 0.1201171875