5 0.89697265625 0.119140625 0.052734375 0.16650390625
2 0.3955078125 0.12060546875 0.017578125 0.01708984375
0 0.81396484375 0.16748046875 0.103515625 0.1357421875
0 0.90966796875 0.16796875 0.107421875 0.1279296875
3 0.8193359375 0.04248046875 0.0224609375 0.03271484375
3 0.7880859375 0.04931640625 0.01953125 0.0283203125
1 0.90185546875 0.0556640625 0.0234375 0.03857421875
5 0.353515625 0.05810546875 0.05322265625 0.1142578125
5 0.384765625 0.06103515625 0.03955078125 0.1201171875
0 0.66259765625 0.0859375 0.0888671875 0.11767578125
5 0.7841796875 0.087890625 0.033203125 0.107421875
0 0.35986328125 0.1044921875 0.0947265625 0.107421875
4 0.97265625 0.1064453125 0.0546875 0.099609375
5 0.8173828125 0.11279296875 0.0458984375 0.1728515625