5 0.857421875 0.1181640625 0.0517578125 0.15966796875
0 0.69384765625 0.119140625 0.09326171875 0.12109375
1 0.8251953125 0.1279296875 0.03564453125 0.04541015625
0 0.85693359375 0.16357421875 0.0986328125 0.1435546875
5 0.8212890625 0.19921875 0.06298828125 0.185546875
1 0.78125 0.2138671875 0.04931640625 0.05859375
0 0.8095703125 0.2646484375 0.13671875 0.18798828125
5 0.7646484375 0.31640625 0.10986328125 0.26123046875
1 0.93994140625 0.330078125 0.046875 0.06103515625
0 0.76611328125 0.38330078125 0.173828125 0.212890625
5 0.91796875 0.4365234375 0.11572265625 0.28515625
0 0.89599609375 0.51806640625 0.19970703125 0.2646484375
2 0.982421875 0.54931640625 0.0244140625 0.0283203125
3 0.861328125 0.0556640625 0.02001953125 0.03173828125
5 0.68701171875 0.06591796875 0.0537109375 0.1318359375
4 0.751953125 0.0732421875 0.07080078125 0.1416015625