2 0.94580078125 0.47607421875 0.029296875 0.0341796875
0 0.8642578125 0.4501953125 0.1943359375 0.25341796875
5 0.86962890625 0.375 0.11181640625 0.26123046875
1 0.89111328125 0.2705078125 0.04443359375 0.06103515625
0 0.89990234375 0.30712890625 0.14501953125 0.19140625
5 0.90185546875 0.22802734375 0.08349609375 0.1640625
3 0.91943359375 0.1650390625 0.02978515625 0.04296875
0 0.78662109375 0.13134765625 0.0888671875 0.13134765625
5 0.78466796875 0.08837890625 0.04541015625 0.14697265625
3 0.7890625 0.0283203125 0.01708984375 0.029296875
0 0.634765625 0.09228515625 0.08154296875 0.11669921875