0 0.68701171875 0.326171875 0.1650390625 0.21142578125
5 0.69091796875 0.25341796875 0.0888671875 0.2421875
1 0.71142578125 0.1611328125 0.04150390625 0.05078125
5 0.7353515625 0.25732421875 0.11181640625 0.20703125
3 0.7529296875 0.1748046875 0.02978515625 0.037109375
2 0.7509765625 0.33544921875 0.0234375 0.02392578125
0 0.8623046875 0.158203125 0.0986328125 0.1083984375
2 0.8984375 0.14892578125 0.01513671875 0.01708984375
5 0.87158203125 0.111328125 0.04541015625 0.14794921875
3 0.8740234375 0.05712890625 0.0224609375 0.03955078125
0 0.71630859375 0.08642578125 0.09326171875 0.10498046875