2 0.7685546875 0.7568359375 0.0390625 0.04541015625
0 0.69677734375 0.64501953125 0.21044921875 0.36181640625
5 0.697265625 0.529296875 0.15380859375 0.28271484375
5 0.744140625 0.60205078125 0.1650390625 0.314453125
3 0.73486328125 0.42822265625 0.05517578125 0.07373046875
3 0.77587890625 0.48583984375 0.04833984375 0.07568359375
2 0.42431640625 0.15478515625 0.02001953125 0.01806640625
0 0.3876953125 0.1513671875 0.11669921875 0.171875
5 0.37890625 0.091796875 0.0625 0.17431640625
5 0.4072265625 0.10009765625 0.08642578125 0.18212890625
1 0.3916015625 0.0244140625 0.0322265625 0.03515625
3 0.41845703125 0.02490234375 0.02685546875 0.03173828125