2 0.61767578125 0.26025390625 0.02197265625 0.0205078125
0 0.56494140625 0.24755859375 0.1416015625 0.18798828125
5 0.56201171875 0.18701171875 0.080078125 0.2138671875
5 0.60302734375 0.19287109375 0.107421875 0.19140625
1 0.58251953125 0.10400390625 0.03564453125 0.0498046875
3 0.61669921875 0.11474609375 0.0244140625 0.03515625
0 0.857421875 0.12646484375 0.10107421875 0.08154296875
5 0.82861328125 0.0634765625 0.0322265625 0.1083984375
5 0.8564453125 0.072265625 0.03955078125 0.1220703125
3 0.8349609375 0.02734375 0.017578125 0.0341796875
1 0.85888671875 0.03125 0.02490234375 0.03955078125