2 0.89990234375 0.869140625 0.0419921875 0.05078125
0 0.8115234375 0.74072265625 0.24267578125 0.37548828125
5 0.8076171875 0.65673828125 0.1982421875 0.37890625
5 0.87255859375 0.69775390625 0.18701171875 0.33251953125
3 0.8671875 0.50732421875 0.056640625 0.07373046875
3 0.90966796875 0.57568359375 0.05419921875 0.08349609375
0 0.46875 0.197265625 0.126953125 0.18212890625
2 0.5107421875 0.20068359375 0.0224609375 0.02587890625
5 0.4619140625 0.12744140625 0.07275390625 0.1865234375
5 0.49267578125 0.14013671875 0.09228515625 0.185546875
3 0.5068359375 0.06201171875 0.02685546875 0.0341796875
1 0.4794921875 0.05859375 0.03466796875 0.04052734375