0 0.689453125 0.11376953125 0.08837890625 0.1162109375
3 0.3828125 0.01416015625 0.017578125 0.02490234375
0 0.3505859375 0.1357421875 0.107421875 0.17626953125
2 0.3876953125 0.13671875 0.0205078125 0.017578125
3 0.67431640625 0.39208984375 0.05078125 0.07373046875
3 0.71533203125 0.43798828125 0.04833984375 0.0634765625
5 0.63671875 0.48291015625 0.140625 0.26025390625
5 0.69091796875 0.5546875 0.150390625 0.30224609375
0 0.6455078125 0.6025390625 0.1845703125 0.33154296875
2 0.70947265625 0.70947265625 0.0390625 0.04296875
5 0.373046875 0.08154296875 0.07861328125 0.15283203125
5 0.37158203125 0.0830078125 0.0810546875 0.1640625
1 0.35791015625 0.009765625 0.02099609375 0.01953125