2 0.8984375 0.486328125 0.02490234375 0.02490234375
0 0.8349609375 0.4208984375 0.1826171875 0.26025390625
5 0.84716796875 0.34521484375 0.103515625 0.244140625
3 0.857421875 0.2509765625 0.037109375 0.05224609375
0 0.494140625 0.474609375 0.173828125 0.2294921875
5 0.48486328125 0.37744140625 0.1259765625 0.22509765625
5 0.5400390625 0.41796875 0.13037109375 0.21826171875
3 0.521484375 0.2978515625 0.04296875 0.06201171875
3 0.548828125 0.3388671875 0.04150390625 0.06201171875
0 0.26513671875 0.0888671875 0.10009765625 0.15283203125
2 0.29345703125 0.0869140625 0.01953125 0.01806640625
0 0.63427734375 0.09375 0.0908203125 0.115234375
2 0.66064453125 0.078125 0.02001953125 0.00927734375