2 0.39794921875 0.4658203125 0.033203125 0.0263671875
0 0.341796875 0.37744140625 0.15185546875 0.20068359375
5 0.34228515625 0.302734375 0.119140625 0.232421875
5 0.38134765625 0.32373046875 0.11572265625 0.19775390625
3 0.3662109375 0.20849609375 0.04052734375 0.04150390625
3 0.388671875 0.24755859375 0.029296875 0.04931640625
3 0.53125 0.10791015625 0.0244140625 0.0361328125
0 0.5205078125 0.2470703125 0.13134765625 0.19677734375
5 0.5224609375 0.18115234375 0.09326171875 0.18505859375
2 0.56591796875 0.30029296875 0.021484375 0.02197265625
4 0.92822265625 0.189453125 0.12255859375 0.22216796875
4 0.94921875 0.12158203125 0.1015625 0.2138671875
4 0.83203125 0.064453125 0.10498046875 0.12841796875
4 0.7119140625 0.056640625 0.0849609375 0.10400390625