0 0.4091796875 0.39501953125 0.1611328125 0.21484375
5 0.40087890625 0.35009765625 0.119140625 0.26123046875
5 0.44140625 0.369140625 0.1416015625 0.21826171875
3 0.4345703125 0.25048828125 0.04052734375 0.06689453125
3 0.45947265625 0.2880859375 0.0419921875 0.05322265625
0 0.66064453125 0.32080078125 0.154296875 0.234375
2 0.71533203125 0.38134765625 0.02099609375 0.02490234375
5 0.66357421875 0.2548828125 0.10498046875 0.220703125
3 0.67626953125 0.17236328125 0.03564453125 0.05078125
0 0.2197265625 0.06787109375 0.08837890625 0.12646484375
2 0.24560546875 0.0615234375 0.01513671875 0.01708984375