2 0.28564453125 0.3916015625 0.029296875 0.03173828125
0 0.23876953125 0.32080078125 0.1357421875 0.234375
5 0.22802734375 0.2490234375 0.0986328125 0.23974609375
5 0.2705078125 0.28173828125 0.1142578125 0.22607421875
3 0.2568359375 0.1572265625 0.0380859375 0.05419921875
3 0.28466796875 0.19384765625 0.03076171875 0.0439453125
0 0.30029296875 0.1494140625 0.10693359375 0.17626953125
2 0.3349609375 0.1806640625 0.02099609375 0.01708984375
5 0.2998046875 0.091796875 0.0751953125 0.16748046875
3 0.30810546875 0.02294921875 0.02587890625 0.03076171875
0 0.95263671875 0.15283203125 0.09130859375 0.12646484375
5 0.95263671875 0.1103515625 0.04150390625 0.150390625
1 0.95458984375 0.056640625 0.0244140625 0.04052734375
0 0.77880859375 0.10302734375 0.08984375 0.11328125
2 0.806640625 0.08837890625 0.017578125 0.013671875