2 0.3095703125 0.40771484375 0.03173828125 0.03271484375
0 0.2578125 0.34033203125 0.14013671875 0.22412109375
5 0.25048828125 0.26171875 0.09765625 0.23876953125
5 0.2958984375 0.2890625 0.109375 0.21826171875
3 0.283203125 0.16796875 0.03564453125 0.06005859375
3 0.30419921875 0.205078125 0.0322265625 0.05078125
0 0.720703125 0.08349609375 0.0810546875 0.099609375
0 0.89013671875 0.13232421875 0.09228515625 0.12646484375
5 0.888671875 0.087890625 0.04150390625 0.15478515625
2 0.92333984375 0.1201171875 0.01953125 0.015625
1 0.88916015625 0.03271484375 0.029296875 0.03857421875
0 0.3466796875 0.1650390625 0.1142578125 0.185546875
2 0.3857421875 0.20458984375 0.0185546875 0.01806640625
5 0.34765625 0.11328125 0.08154296875 0.1923828125
3 0.35009765625 0.03662109375 0.029296875 0.03515625