2 0.92578125 0.853515625 0.0283203125 0.0439453125
0 0.8310546875 0.74169921875 0.26220703125 0.3701171875
5 0.82666015625 0.6201171875 0.166015625 0.34375
3 0.861328125 0.48291015625 0.04931640625 0.07470703125
0 0.60205078125 0.5048828125 0.1826171875 0.28173828125
2 0.67138671875 0.5361328125 0.03564453125 0.0341796875
5 0.603515625 0.41748046875 0.10498046875 0.28271484375
5 0.6484375 0.427734375 0.13525390625 0.3056640625
1 0.623046875 0.30615234375 0.04541015625 0.06201171875
3 0.67236328125 0.30859375 0.04345703125 0.0654296875
2 0.18212890625 0.322265625 0.029296875 0.0341796875
0 0.146484375 0.26708984375 0.12158203125 0.21044921875
5 0.14208984375 0.19140625 0.0947265625 0.21484375
5 0.1689453125 0.220703125 0.103515625 0.2080078125
3 0.15966796875 0.1064453125 0.03173828125 0.04052734375
3 0.18408203125 0.13720703125 0.03173828125 0.04638671875
0 0.10595703125 0.06201171875 0.08740234375 0.1220703125
2 0.1357421875 0.09228515625 0.0185546875 0.01904296875