2 0.9697265625 0.76123046875 0.03955078125 0.04736328125
0 0.8662109375 0.71044921875 0.24853515625 0.3505859375
5 0.87841796875 0.61376953125 0.1455078125 0.3359375
5 0.9326171875 0.62646484375 0.1318359375 0.34619140625
1 0.912109375 0.48193359375 0.060546875 0.06787109375
3 0.974609375 0.49169921875 0.0458984375 0.08251953125
2 0.26220703125 0.37548828125 0.03076171875 0.03173828125
0 0.21728515625 0.298828125 0.13037109375 0.23974609375
5 0.20849609375 0.24658203125 0.10205078125 0.2509765625
5 0.24560546875 0.25830078125 0.1171875 0.20263671875
3 0.236328125 0.1435546875 0.0341796875 0.0498046875
3 0.26171875 0.1806640625 0.02978515625 0.0439453125
0 0.2548828125 0.1201171875 0.10693359375 0.158203125
2 0.287109375 0.1591796875 0.01953125 0.01708984375