2 0.8037109375 0.63525390625 0.033203125 0.0419921875
0 0.720703125 0.59375 0.2177734375 0.31689453125
5 0.7197265625 0.4970703125 0.13671875 0.29541015625
5 0.7763671875 0.5166015625 0.14501953125 0.32470703125
1 0.75 0.3818359375 0.05322265625 0.06689453125
3 0.80859375 0.3857421875 0.0478515625 0.072265625
2 0.22021484375 0.3486328125 0.03076171875 0.03173828125
0 0.177734375 0.27783203125 0.1220703125 0.21142578125
5 0.1708984375 0.2294921875 0.09375 0.25341796875
3 0.19677734375 0.12353515625 0.03466796875 0.04296875
5 0.20654296875 0.2421875 0.11474609375 0.21728515625
3 0.22216796875 0.15771484375 0.02978515625 0.0419921875