3 0.14697265625 0.12158203125 0.0283203125 0.0439453125
5 0.107421875 0.17529296875 0.0888671875 0.21044921875
5 0.13720703125 0.19921875 0.09765625 0.201171875
2 0.04150390625 0.19970703125 0.03173828125 0.01708984375
0 0.1142578125 0.2451171875 0.10986328125 0.20263671875
1 0.521484375 0.24609375 0.0458984375 0.064453125
3 0.56396484375 0.24609375 0.037109375 0.06005859375
0 0.03076171875 0.26806640625 0.0576171875 0.18994140625
2 0.1494140625 0.29931640625 0.02490234375 0.02392578125
5 0.494140625 0.34033203125 0.09765625 0.25341796875
5 0.54345703125 0.35009765625 0.12548828125 0.265625
3 0.6796875 0.3798828125 0.046875 0.06787109375
0 0.5048828125 0.41796875 0.15380859375 0.234375
2 0.5634765625 0.45458984375 0.03173828125 0.03173828125
5 0.654296875 0.51123046875 0.14013671875 0.32568359375
0 0.0576171875 0.0556640625 0.06396484375 0.09716796875
0 0.66455078125 0.62060546875 0.2255859375 0.3427734375
2 0.6513671875 0.0634765625 0.01611328125 0.01123046875
2 0.07275390625 0.06494140625 0.017578125 0.01708984375
2 0.74365234375 0.71923828125 0.02587890625 0.04736328125
0 0.62109375 0.08203125 0.0947265625 0.11669921875
3 0.126953125 0.087890625 0.02587890625 0.0419921875