3 0.166015625 0.12939453125 0.029296875 0.04638671875
5 0.12548828125 0.1865234375 0.095703125 0.22412109375
2 0.02294921875 0.1865234375 0.03173828125 0.01806640625
5 0.15234375 0.2080078125 0.10498046875 0.2060546875
0 0.1298828125 0.2470703125 0.12060546875 0.193359375
0 0.0234375 0.2509765625 0.046875 0.185546875
3 0.6162109375 0.27392578125 0.04150390625 0.06787109375
1 0.5703125 0.2744140625 0.04833984375 0.06884765625
2 0.16552734375 0.30859375 0.02978515625 0.0341796875
5 0.5419921875 0.375 0.10986328125 0.263671875
5 0.5927734375 0.39013671875 0.12841796875 0.28955078125
3 0.767578125 0.4287109375 0.05078125 0.0703125
0 0.5517578125 0.46142578125 0.169921875 0.2646484375
2 0.615234375 0.49169921875 0.03466796875 0.03515625
5 0.736328125 0.57421875 0.14404296875 0.365234375
0 0.0791015625 0.06005859375 0.0859375 0.1162109375
0 0.7451171875 0.671875 0.2509765625 0.3505859375
2 0.10302734375 0.0751953125 0.0185546875 0.01904296875
2 0.830078125 0.77880859375 0.02587890625 0.04638671875
3 0.14306640625 0.09716796875 0.03076171875 0.04296875