2 0.8818359375 0.69580078125 0.037109375 0.03857421875
0 0.78955078125 0.646484375 0.22802734375 0.33349609375
5 0.7939453125 0.55810546875 0.1416015625 0.3291015625
5 0.84765625 0.5654296875 0.15673828125 0.330078125
1 0.82470703125 0.4296875 0.0556640625 0.0654296875
3 0.8876953125 0.43310546875 0.04833984375 0.07470703125
2 0.240234375 0.361328125 0.0322265625 0.03271484375
0 0.19921875 0.2958984375 0.12939453125 0.220703125
5 0.19091796875 0.22998046875 0.09228515625 0.24072265625
5 0.224609375 0.25048828125 0.119140625 0.21826171875
3 0.2158203125 0.13525390625 0.03173828125 0.04638671875
3 0.2431640625 0.169921875 0.033203125 0.04736328125
0 0.21435546875 0.09619140625 0.103515625 0.13134765625
2 0.24462890625 0.13916015625 0.0185546875 0.01806640625
0 0.904296875 0.15234375 0.0986328125 0.12353515625
2 0.93603515625 0.13671875 0.01611328125 0.01123046875
5 0.87841796875 0.091796875 0.03564453125 0.14013671875
5 0.90478515625 0.10107421875 0.052734375 0.15478515625
1 0.90576171875 0.04296875 0.02197265625 0.0341796875
3 0.88037109375 0.0400390625 0.01953125 0.03271484375