0 0.7041015625 0.11328125 0.095703125 0.1357421875
5 0.02880859375 0.14501953125 0.05712890625 0.1357421875
5 0.095703125 0.154296875 0.07421875 0.1845703125
5 0.1240234375 0.1953125 0.0888671875 0.20703125
2 0.05859375 0.2119140625 0.0380859375 0.01708984375
1 0.47607421875 0.216796875 0.04150390625 0.05322265625
3 0.515625 0.21923828125 0.03466796875 0.056640625
0 0.107421875 0.24609375 0.10107421875 0.177734375
2 0.13427734375 0.28466796875 0.02734375 0.03076171875
0 0.04052734375 0.28662109375 0.07666015625 0.189453125
5 0.45166015625 0.31884765625 0.095703125 0.2578125
5 0.494140625 0.3212890625 0.1240234375 0.26025390625
3 0.6005859375 0.337890625 0.04296875 0.06005859375
0 0.466796875 0.3828125 0.150390625 0.2158203125
2 0.51611328125 0.41796875 0.029296875 0.02587890625
5 0.58154296875 0.44287109375 0.126953125 0.27734375
0 0.0390625 0.05029296875 0.0517578125 0.09375
2 0.0458984375 0.0537109375 0.0185546875 0.01904296875
0 0.59765625 0.56103515625 0.19189453125 0.2939453125
2 0.66064453125 0.65625 0.02490234375 0.04541015625
3 0.11181640625 0.0810546875 0.02734375 0.03955078125
2 0.734375 0.09716796875 0.01708984375 0.01123046875
3 0.0185546875 0.09912109375 0.03076171875 0.0576171875
3 0.13134765625 0.11279296875 0.02978515625 0.0439453125