2 0.845703125 0.4580078125 0.02685546875 0.02490234375
0 0.765625 0.43359375 0.1982421875 0.2431640625
5 0.7763671875 0.36376953125 0.11083984375 0.26806640625
1 0.79736328125 0.25732421875 0.0458984375 0.064453125
0 0.37158203125 0.37646484375 0.150390625 0.21728515625
5 0.35693359375 0.31103515625 0.10205078125 0.2578125
3 0.36669921875 0.20703125 0.0380859375 0.05224609375
0 0.28369140625 0.265625 0.0947265625 0.16748046875
5 0.2919921875 0.212890625 0.07421875 0.212890625
5 0.333984375 0.2021484375 0.0986328125 0.2001953125
1 0.31396484375 0.12841796875 0.03564453125 0.04638671875
3 0.34130859375 0.12646484375 0.0322265625 0.04736328125
0 0.09619140625 0.33203125 0.13427734375 0.22509765625
2 0.1376953125 0.26318359375 0.0390625 0.01708984375
5 0.0927734375 0.263671875 0.09619140625 0.29638671875
3 0.09912109375 0.14306640625 0.03662109375 0.05322265625