2 0.78466796875 0.259765625 0.017578125 0.021484375
5 0.73681640625 0.2216796875 0.12841796875 0.18115234375
5 0.734375 0.171875 0.07861328125 0.171875
1 0.7490234375 0.10791015625 0.02978515625 0.04638671875
2 0.4609375 0.25390625 0.02197265625 0.021484375
0 0.4111328125 0.24267578125 0.14404296875 0.19775390625
5 0.4091796875 0.1796875 0.08984375 0.2060546875
3 0.42529296875 0.09912109375 0.03173828125 0.0439453125
0 0.25244140625 0.39990234375 0.1748046875 0.23193359375
2 0.31787109375 0.36572265625 0.0390625 0.01708984375
5 0.25341796875 0.34423828125 0.10595703125 0.30224609375
3 0.26171875 0.2255859375 0.03466796875 0.064453125
2 0.15234375 0.3056640625 0.02001953125 0.03173828125
5 0.0908203125 0.25244140625 0.1474609375 0.20361328125
5 0.0791015625 0.18212890625 0.076171875 0.212890625
3 0.0888671875 0.0966796875 0.03076171875 0.03955078125