0 0.9091796875 0.5244140625 0.17333984375 0.263671875
5 0.94775390625 0.47021484375 0.1025390625 0.322265625
1 0.97314453125 0.3466796875 0.05029296875 0.06884765625
0 0.46826171875 0.435546875 0.173828125 0.2060546875
5 0.4609375 0.35498046875 0.1083984375 0.2353515625
5 0.4765625 0.26416015625 0.0390625 0.0556640625
0 0.380859375 0.31201171875 0.123046875 0.18310546875
5 0.3720703125 0.25439453125 0.0791015625 0.21923828125
5 0.4111328125 0.2568359375 0.0986328125 0.22412109375
1 0.39404296875 0.1708984375 0.0390625 0.04541015625
3 0.42431640625 0.16845703125 0.033203125 0.05859375
0 0.0615234375 0.2998046875 0.12158203125 0.22607421875
2 0.0986328125 0.23828125 0.0390625 0.021484375
5 0.05419921875 0.23291015625 0.083984375 0.2783203125
3 0.06005859375 0.12353515625 0.0283203125 0.05419921875
0 0.89306640625 0.189453125 0.12451171875 0.15478515625
2 0.9306640625 0.17724609375 0.0185546875 0.01220703125
5 0.8623046875 0.1279296875 0.046875 0.17431640625
5 0.89404296875 0.13720703125 0.05810546875 0.1728515625
3 0.87158203125 0.0556640625 0.02197265625 0.02734375
1 0.89892578125 0.07373046875 0.02734375 0.04296875