0 0.8203125 0.26708984375 0.1328125 0.18115234375
2 0.86669921875 0.30224609375 0.017578125 0.01806640625
5 0.8173828125 0.20751953125 0.08251953125 0.177734375
1 0.8310546875 0.1416015625 0.0341796875 0.04296875
2 0.5693359375 0.3095703125 0.02685546875 0.02587890625
0 0.51025390625 0.29345703125 0.16748046875 0.2138671875
5 0.5087890625 0.22900390625 0.095703125 0.22509765625
1 0.529296875 0.142578125 0.0380859375 0.05224609375
2 0.2392578125 0.32568359375 0.03955078125 0.01806640625
0 0.18115234375 0.380859375 0.16015625 0.26123046875
5 0.17578125 0.3251953125 0.11083984375 0.3271484375
3 0.1923828125 0.18994140625 0.033203125 0.056640625