2 0.77001953125 0.12060546875 0.0234375 0.0078125
0 0.1767578125 0.13330078125 0.11572265625 0.15625
2 0.21337890625 0.13427734375 0.02197265625 0.01904296875
0 0.533203125 0.13818359375 0.12158203125 0.15625
0 0.7431640625 0.138671875 0.107421875 0.1298828125
3 0.71533203125 0.0146484375 0.0224609375 0.02734375
2 0.580078125 0.1669921875 0.01611328125 0.01708984375
1 0.73486328125 0.0224609375 0.0244140625 0.0341796875
3 0.57958984375 0.27001953125 0.0380859375 0.06005859375
1 0.54443359375 0.0322265625 0.029296875 0.03271484375
5 0.55810546875 0.3251953125 0.12451171875 0.1796875
3 0.55419921875 0.380859375 0.0419921875 0.0712890625
0 0.55810546875 0.4208984375 0.1796875 0.2060546875
5 0.55029296875 0.44970703125 0.12451171875 0.21826171875
2 0.6240234375 0.4853515625 0.03076171875 0.03173828125
2 0.6357421875 0.5546875 0.04541015625 0.0283203125
0 0.55322265625 0.5830078125 0.2177734375 0.29296875
5 0.7109375 0.0673828125 0.0380859375 0.13427734375
5 0.16943359375 0.07568359375 0.0751953125 0.1513671875
5 0.736328125 0.0830078125 0.05810546875 0.15478515625
5 0.5283203125 0.09033203125 0.076171875 0.14697265625