2 0.3642578125 0.390625 0.03955078125 0.021484375
0 0.2900390625 0.42138671875 0.19970703125 0.23876953125
5 0.29296875 0.34765625 0.1083984375 0.2705078125
3 0.30322265625 0.2470703125 0.03662109375 0.06689453125
2 0.74658203125 0.24169921875 0.01708984375 0.01708984375
0 0.7001953125 0.21142578125 0.13037109375 0.17626953125
5 0.6962890625 0.15234375 0.07861328125 0.1572265625
1 0.7109375 0.0927734375 0.02978515625 0.03857421875
2 0.412109375 0.22705078125 0.02197265625 0.021484375
0 0.36669921875 0.22119140625 0.140625 0.193359375
5 0.36669921875 0.1650390625 0.08251953125 0.21484375
1 0.380859375 0.080078125 0.03466796875 0.04296875
2 0.1025390625 0.2822265625 0.0224609375 0.03076171875
0 0.0595703125 0.23974609375 0.1171875 0.18994140625
5 0.041015625 0.177734375 0.07177734375 0.22607421875
3 0.0380859375 0.08203125 0.03076171875 0.03515625