2 0.83056640625 0.6396484375 0.03173828125 0.037109375
0 0.744140625 0.60498046875 0.20849609375 0.33935546875
5 0.75146484375 0.51025390625 0.1357421875 0.31884765625
3 0.77880859375 0.39013671875 0.05078125 0.072265625
2 0.52490234375 0.486328125 0.04443359375 0.0341796875
0 0.44189453125 0.46875 0.21826171875 0.1845703125
5 0.4384765625 0.38330078125 0.1259765625 0.2080078125
3 0.451171875 0.3203125 0.0458984375 0.0791015625
0 0.59375 0.1650390625 0.11962890625 0.16064453125
5 0.59228515625 0.109375 0.07421875 0.150390625
2 0.64306640625 0.19384765625 0.017578125 0.01708984375
1 0.607421875 0.05126953125 0.03173828125 0.04638671875
2 0.28662109375 0.16650390625 0.01953125 0.0205078125
0 0.2470703125 0.15966796875 0.12060546875 0.1650390625
5 0.2412109375 0.1083984375 0.07421875 0.1943359375
3 0.2548828125 0.03173828125 0.029296875 0.0361328125