0 0.47607421875 0.11767578125 0.12841796875 0.158203125
5 0.865234375 0.1328125 0.0458984375 0.1640625
5 0.90234375 0.1435546875 0.0751953125 0.1787109375
2 0.5224609375 0.1455078125 0.01708984375 0.01904296875
3 0.40478515625 0.177734375 0.033203125 0.05224609375
1 0.486328125 0.0185546875 0.029296875 0.0322265625
2 0.935546875 0.1865234375 0.0185546875 0.00927734375
0 0.90185546875 0.20703125 0.1220703125 0.15380859375
5 0.392578125 0.27490234375 0.09765625 0.255859375
0 0.39306640625 0.3427734375 0.1552734375 0.23974609375
2 0.44580078125 0.3681640625 0.03076171875 0.03271484375
3 0.6650390625 0.4423828125 0.05810546875 0.08837890625
5 0.65673828125 0.560546875 0.1416015625 0.32470703125
2 0.75 0.63818359375 0.05029296875 0.04052734375
3 0.8701171875 0.06787109375 0.0234375 0.03173828125
0 0.65966796875 0.685546875 0.23681640625 0.38671875
5 0.47216796875 0.07373046875 0.068359375 0.14697265625
1 0.892578125 0.078125 0.02685546875 0.04052734375
0 0.1064453125 0.103515625 0.11083984375 0.15283203125
2 0.146484375 0.10595703125 0.02099609375 0.021484375