2 0.80517578125 0.68359375 0.04833984375 0.03955078125
0 0.7138671875 0.70458984375 0.24169921875 0.34375
5 0.71142578125 0.60693359375 0.146484375 0.33154296875
3 0.72119140625 0.47900390625 0.04931640625 0.080078125
2 0.36865234375 0.31640625 0.03173828125 0.02587890625
0 0.31787109375 0.30029296875 0.1455078125 0.2294921875
5 0.31103515625 0.23193359375 0.10107421875 0.23779296875
3 0.330078125 0.13916015625 0.0341796875 0.05419921875
2 0.49462890625 0.134765625 0.013671875 0.01806640625
0 0.44921875 0.10986328125 0.123046875 0.1513671875
0 0.0712890625 0.08447265625 0.11328125 0.134765625
2 0.11279296875 0.0927734375 0.0185546875 0.0224609375