2 0.94775390625 0.72900390625 0.0380859375 0.0439453125
0 0.85498046875 0.67724609375 0.236328125 0.349609375
5 0.861328125 0.58349609375 0.154296875 0.330078125
3 0.89111328125 0.4541015625 0.05078125 0.0712890625
2 0.46826171875 0.44921875 0.0419921875 0.0224609375
0 0.39013671875 0.44775390625 0.21533203125 0.18994140625
5 0.39013671875 0.3671875 0.1123046875 0.220703125
3 0.39892578125 0.29052734375 0.03564453125 0.0703125
2 0.67578125 0.2080078125 0.01611328125 0.01806640625
0 0.626953125 0.17578125 0.1279296875 0.1640625
5 0.625 0.12841796875 0.0703125 0.16650390625
1 0.64013671875 0.0673828125 0.02978515625 0.0419921875
2 0.3251953125 0.18603515625 0.02099609375 0.021484375
0 0.28466796875 0.17822265625 0.12451171875 0.177734375
5 0.279296875 0.12890625 0.080078125 0.2060546875
1 0.294921875 0.04541015625 0.03662109375 0.04052734375