0 0.744140625 0.572265625 0.21923828125 0.31884765625
5 0.74951171875 0.470703125 0.16259765625 0.27587890625
3 0.78662109375 0.36083984375 0.04443359375 0.06103515625
0 0.84814453125 0.27978515625 0.126953125 0.177734375
2 0.89501953125 0.326171875 0.01953125 0.01904296875
5 0.85205078125 0.21875 0.08251953125 0.193359375
5 0.87353515625 0.23486328125 0.09619140625 0.1845703125
3 0.8681640625 0.1474609375 0.02734375 0.03955078125
3 0.8994140625 0.1689453125 0.02685546875 0.05078125
0 0.732421875 0.13818359375 0.1044921875 0.13330078125
5 0.70947265625 0.078125 0.04052734375 0.14501953125
5 0.73681640625 0.08203125 0.0478515625 0.14794921875