2 0.537109375 0.1455078125 0.017578125 0.01708984375
3 0.53466796875 0.01708984375 0.0224609375 0.03173828125
1 0.59033203125 0.1748046875 0.04150390625 0.05322265625
3 0.8525390625 0.20947265625 0.03662109375 0.05224609375
3 0.47705078125 0.2138671875 0.0380859375 0.05419921875
5 0.57470703125 0.26416015625 0.09765625 0.23193359375
5 0.83154296875 0.30322265625 0.11669921875 0.244140625
5 0.45166015625 0.3203125 0.119140625 0.26904296875
0 0.5810546875 0.33447265625 0.142578125 0.24560546875
0 0.82275390625 0.37255859375 0.2021484375 0.22265625
2 0.62939453125 0.388671875 0.0244140625 0.03076171875
0 0.455078125 0.39208984375 0.17578125 0.24560546875
2 0.91259765625 0.42724609375 0.017578125 0.0283203125
5 0.5 0.064453125 0.0556640625 0.12890625
5 0.52294921875 0.06884765625 0.0634765625 0.1318359375
4 0.93115234375 0.07763671875 0.0908203125 0.15478515625
0 0.505859375 0.11279296875 0.0888671875 0.134765625