0 0.6201171875 0.49951171875 0.19970703125 0.31787109375
5 0.625 0.41650390625 0.14501953125 0.3076171875
3 0.65087890625 0.296875 0.04931640625 0.06689453125
2 0.7275390625 0.23779296875 0.017578125 0.01806640625
0 0.6875 0.197265625 0.1123046875 0.1708984375
5 0.6845703125 0.142578125 0.06298828125 0.1650390625
5 0.70654296875 0.15234375 0.07666015625 0.15283203125
3 0.69775390625 0.078125 0.0234375 0.03173828125
3 0.72412109375 0.095703125 0.0244140625 0.03515625
0 0.84765625 0.1826171875 0.11328125 0.14794921875
5 0.8154296875 0.12353515625 0.04052734375 0.16064453125
5 0.85498046875 0.12841796875 0.05419921875 0.16845703125
3 0.82177734375 0.05859375 0.0185546875 0.0361328125
3 0.84765625 0.06494140625 0.01953125 0.03076171875