0 0.50732421875 0.421875 0.1796875 0.26708984375
5 0.50830078125 0.34423828125 0.1220703125 0.263671875
3 0.53369140625 0.23974609375 0.03955078125 0.056640625
2 0.75146484375 0.45703125 0.02587890625 0.02734375
0 0.6875 0.39306640625 0.17724609375 0.25
5 0.69287109375 0.32080078125 0.109375 0.23876953125
1 0.71337890625 0.23193359375 0.04296875 0.0634765625
0 0.89599609375 0.41064453125 0.203125 0.23779296875
2 0.9912109375 0.4677734375 0.0146484375 0.0283203125
5 0.90966796875 0.33447265625 0.1171875 0.26806640625
3 0.9306640625 0.23095703125 0.04150390625 0.0634765625
2 0.59423828125 0.169921875 0.01513671875 0.01806640625
0 0.56005859375 0.13720703125 0.09716796875 0.14794921875
5 0.5556640625 0.08447265625 0.0625 0.150390625
5 0.58154296875 0.09326171875 0.056640625 0.1435546875
3 0.5693359375 0.0244140625 0.0224609375 0.03076171875
3 0.59228515625 0.04052734375 0.0224609375 0.0341796875