0 0.39892578125 0.3564453125 0.16845703125 0.244140625
5 0.3974609375 0.283203125 0.11328125 0.24072265625
3 0.4208984375 0.18994140625 0.03662109375 0.05419921875
2 0.521484375 0.32861328125 0.0234375 0.02587890625
0 0.4921875 0.302734375 0.09765625 0.16650390625
5 0.47998046875 0.2080078125 0.07666015625 0.18115234375
3 0.48193359375 0.138671875 0.02978515625 0.03955078125
2 0.83447265625 0.388671875 0.01708984375 0.0283203125
0 0.751953125 0.33642578125 0.19189453125 0.21826171875
5 0.759765625 0.267578125 0.1083984375 0.2294921875
3 0.7783203125 0.17529296875 0.0419921875 0.04541015625
0 0.45849609375 0.08544921875 0.0849609375 0.1142578125