0 0.56396484375 0.47509765625 0.1845703125 0.3056640625
5 0.568359375 0.375 0.13330078125 0.2841796875
3 0.59326171875 0.265625 0.04150390625 0.0654296875
2 0.892578125 0.53271484375 0.0244140625 0.0341796875
0 0.8134765625 0.46533203125 0.19677734375 0.27490234375
5 0.82421875 0.38623046875 0.12158203125 0.2568359375
1 0.853515625 0.28662109375 0.04345703125 0.0576171875
0 0.62158203125 0.16748046875 0.103515625 0.15625
2 0.65771484375 0.20263671875 0.017578125 0.015625
5 0.61669921875 0.11279296875 0.060546875 0.1572265625
5 0.63720703125 0.119140625 0.06884765625 0.14599609375
3 0.62841796875 0.05029296875 0.0244140625 0.03271484375
3 0.65234375 0.064453125 0.02099609375 0.03857421875
0 0.908203125 0.21142578125 0.119140625 0.15380859375
5 0.87939453125 0.14404296875 0.04541015625 0.16650390625
5 0.908203125 0.150390625 0.05078125 0.1630859375
3 0.88232421875 0.0810546875 0.0234375 0.03515625
3 0.908203125 0.087890625 0.0234375 0.037109375