0 0.35009765625 0.3369140625 0.1689453125 0.24658203125
5 0.34375 0.2568359375 0.11474609375 0.22607421875
3 0.36767578125 0.16796875 0.033203125 0.04638671875
0 0.68701171875 0.30126953125 0.17822265625 0.2138671875
2 0.76220703125 0.35693359375 0.01953125 0.02587890625
5 0.69091796875 0.232421875 0.1083984375 0.22265625
3 0.7099609375 0.14404296875 0.033203125 0.048828125
2 0.42626953125 0.2763671875 0.02099609375 0.021484375
0 0.38623046875 0.2275390625 0.1142578125 0.1943359375
5 0.3896484375 0.134765625 0.06884765625 0.14501953125
1 0.3896484375 0.09033203125 0.0380859375 0.0498046875
0 0.41064453125 0.0712890625 0.08349609375 0.12890625
2 0.439453125 0.09912109375 0.017578125 0.01708984375