2 0.84326171875 0.83251953125 0.03173828125 0.04296875
0 0.74609375 0.7509765625 0.24267578125 0.38232421875
5 0.72998046875 0.63427734375 0.173828125 0.3203125
1 0.76953125 0.51513671875 0.06494140625 0.080078125
2 0.60986328125 0.57177734375 0.0341796875 0.03271484375
0 0.53076171875 0.50732421875 0.19580078125 0.2275390625
5 0.525390625 0.39990234375 0.1416015625 0.23193359375
1 0.556640625 0.3212890625 0.05517578125 0.072265625
2 0.18359375 0.36181640625 0.03076171875 0.02734375
0 0.1455078125 0.30029296875 0.1376953125 0.24560546875
5 0.138671875 0.24365234375 0.10107421875 0.22265625
1 0.15234375 0.1533203125 0.0390625 0.03955078125
0 0.84326171875 0.13916015625 0.08740234375 0.12451171875
5 0.85009765625 0.09033203125 0.0419921875 0.142578125
5 0.826171875 0.080078125 0.0322265625 0.13134765625
1 0.8525390625 0.037109375 0.0234375 0.0341796875
3 0.83056640625 0.02880859375 0.01708984375 0.02587890625