2 0.24169921875 0.40576171875 0.03076171875 0.03271484375
0 0.19873046875 0.33984375 0.1513671875 0.25439453125
5 0.19384765625 0.27490234375 0.109375 0.23095703125
1 0.20703125 0.18505859375 0.04052734375 0.05078125
2 0.705078125 0.63671875 0.03173828125 0.0341796875
0 0.62255859375 0.58349609375 0.20458984375 0.30078125
5 0.6142578125 0.478515625 0.146484375 0.27587890625
1 0.64501953125 0.37890625 0.05517578125 0.07470703125
2 0.947265625 0.92041015625 0.0322265625 0.04638671875
0 0.82275390625 0.80810546875 0.2978515625 0.37646484375
5 0.8291015625 0.7177734375 0.17724609375 0.36083984375
1 0.87353515625 0.5849609375 0.06396484375 0.0927734375
4 0.9560546875 0.16162109375 0.08642578125 0.12890625
4 0.77490234375 0.10693359375 0.083984375 0.12548828125