2 0.1474609375 0.3095703125 0.02685546875 0.02587890625
0 0.10302734375 0.27880859375 0.1416015625 0.22265625
5 0.0888671875 0.21337890625 0.09716796875 0.22265625
1 0.10595703125 0.12646484375 0.0390625 0.0498046875
0 0.86328125 0.82373046875 0.27197265625 0.3486328125
5 0.8681640625 0.74267578125 0.197265625 0.33837890625
3 0.9248046875 0.615234375 0.0517578125 0.08349609375
2 0.97998046875 0.96875 0.03662109375 0.048828125
0 0.93408203125 0.14990234375 0.09326171875 0.12353515625
5 0.93017578125 0.10107421875 0.0380859375 0.14794921875
1 0.93115234375 0.0439453125 0.0224609375 0.0341796875
2 0.96337890625 0.12158203125 0.01708984375 0.0078125
4 0.77587890625 0.0771484375 0.0810546875 0.1083984375