3 0.78662109375 0.130859375 0.02685546875 0.03955078125
1 0.6826171875 0.146484375 0.0341796875 0.04638671875
3 0.296875 0.197265625 0.0322265625 0.048828125
5 0.68212890625 0.19775390625 0.06005859375 0.14697265625
5 0.76513671875 0.20361328125 0.06396484375 0.18310546875
5 0.7939453125 0.205078125 0.07666015625 0.18212890625
0 0.775390625 0.25 0.1240234375 0.18798828125
5 0.2822265625 0.2861328125 0.10693359375 0.22412109375
2 0.72705078125 0.3095703125 0.02490234375 0.0283203125
0 0.71826171875 0.33154296875 0.05322265625 0.14501953125
0 0.28466796875 0.36376953125 0.1328125 0.24560546875
2 0.3193359375 0.42236328125 0.03173828125 0.03076171875
1 0.74951171875 0.4736328125 0.05908203125 0.0849609375
5 0.47412109375 0.05810546875 0.04638671875 0.1123046875
5 0.7177734375 0.57958984375 0.16357421875 0.30224609375
5 0.46826171875 0.06103515625 0.05419921875 0.11767578125
0 0.7255859375 0.72119140625 0.21044921875 0.39013671875
2 0.791015625 0.81884765625 0.03662109375 0.03857421875
0 0.45556640625 0.10498046875 0.10009765625 0.12451171875
2 0.49267578125 0.111328125 0.017578125 0.01708984375