2 0.95458984375 0.97607421875 0.03564453125 0.04052734375
0 0.87255859375 0.81103515625 0.25341796875 0.37109375
5 0.88037109375 0.73828125 0.189453125 0.3857421875
1 0.9189453125 0.59033203125 0.06494140625 0.09521484375
2 0.90283203125 0.40771484375 0.0224609375 0.03271484375
0 0.8427734375 0.38427734375 0.14306640625 0.234375
5 0.83203125 0.32568359375 0.10595703125 0.25341796875
1 0.8544921875 0.22265625 0.0390625 0.0498046875
0 0.5546875 0.14404296875 0.11083984375 0.12548828125
2 0.5927734375 0.15966796875 0.0185546875 0.01806640625
5 0.53955078125 0.10693359375 0.06298828125 0.1708984375
5 0.5693359375 0.1064453125 0.07177734375 0.1630859375
3 0.5654296875 0.037109375 0.017578125 0.03173828125
3 0.57373046875 0.03857421875 0.017578125 0.02734375
0 0.86962890625 0.18896484375 0.123046875 0.1513671875
5 0.86962890625 0.12890625 0.06494140625 0.16748046875
1 0.869140625 0.06640625 0.02587890625 0.0419921875