2 0.873046875 0.89501953125 0.037109375 0.03857421875
0 0.79150390625 0.78076171875 0.240234375 0.40966796875
5 0.79443359375 0.6728515625 0.17822265625 0.37548828125
1 0.8349609375 0.52587890625 0.05810546875 0.0791015625
2 0.80908203125 0.35302734375 0.0244140625 0.02490234375
0 0.77880859375 0.3642578125 0.0947265625 0.171875
5 0.7578125 0.26220703125 0.07373046875 0.21484375
3 0.7626953125 0.181640625 0.0380859375 0.05322265625
2 0.35595703125 0.45654296875 0.037109375 0.0283203125
0 0.31689453125 0.3779296875 0.1416015625 0.21484375
5 0.3125 0.3251953125 0.11083984375 0.25439453125
3 0.33349609375 0.22216796875 0.0341796875 0.04638671875
2 0.5390625 0.13232421875 0.0185546875 0.01806640625
0 0.50390625 0.1220703125 0.10693359375 0.12451171875
5 0.49169921875 0.0849609375 0.06640625 0.1650390625
5 0.517578125 0.08544921875 0.06396484375 0.15478515625
3 0.5107421875 0.017578125 0.0234375 0.03271484375
3 0.5224609375 0.02392578125 0.02099609375 0.02490234375