2 0.650390625 0.18798828125 0.01611328125 0.01806640625
0 0.607421875 0.1650390625 0.11181640625 0.12451171875
5 0.6005859375 0.13134765625 0.0654296875 0.169921875
5 0.62841796875 0.13232421875 0.06396484375 0.1630859375
3 0.62255859375 0.0615234375 0.02001953125 0.03515625
3 0.6337890625 0.0654296875 0.02001953125 0.029296875
0 0.93994140625 0.1865234375 0.11181640625 0.13134765625
5 0.9423828125 0.12451171875 0.0654296875 0.1650390625
1 0.93603515625 0.0634765625 0.02587890625 0.04296875
0 0.7607421875 0.14208984375 0.10693359375 0.13232421875
5 0.751953125 0.09716796875 0.06396484375 0.17431640625
1 0.75830078125 0.02783203125 0.0234375 0.03271484375