2 0.6943359375 0.74267578125 0.0380859375 0.0419921875
0 0.63330078125 0.6455078125 0.197265625 0.349609375
5 0.61474609375 0.52734375 0.14404296875 0.2578125
3 0.64697265625 0.43505859375 0.05419921875 0.06884765625
2 0.96728515625 0.35009765625 0.02197265625 0.02392578125
0 0.90966796875 0.31103515625 0.15283203125 0.15625
5 0.9013671875 0.2548828125 0.09228515625 0.1708984375
5 0.935546875 0.26513671875 0.0849609375 0.1708984375
3 0.931640625 0.18994140625 0.0283203125 0.04052734375
3 0.94921875 0.19873046875 0.029296875 0.0419921875
0 0.65673828125 0.06787109375 0.0986328125 0.10205078125