2 0.28564453125 0.40576171875 0.029296875 0.02392578125
0 0.24951171875 0.3330078125 0.13525390625 0.2705078125
5 0.24560546875 0.27490234375 0.107421875 0.271484375
1 0.26318359375 0.16748046875 0.03955078125 0.056640625
2 0.123046875 0.22607421875 0.02587890625 0.0224609375
0 0.1005859375 0.20361328125 0.09326171875 0.18798828125
5 0.09716796875 0.14599609375 0.07763671875 0.21728515625
3 0.107421875 0.0576171875 0.02490234375 0.04052734375
2 0.88232421875 0.14990234375 0.01708984375 0.01025390625
0 0.85009765625 0.16845703125 0.107421875 0.14501953125
5 0.85205078125 0.11767578125 0.06494140625 0.1787109375
1 0.8466796875 0.05029296875 0.02978515625 0.0419921875