3 0.212890625 0.1328125 0.029296875 0.04638671875
0 0.568359375 0.1572265625 0.1025390625 0.15625
2 0.607421875 0.16357421875 0.01708984375 0.01708984375
5 0.20361328125 0.2275390625 0.09326171875 0.228515625
0 0.2080078125 0.3037109375 0.11181640625 0.22265625
2 0.23291015625 0.33544921875 0.03076171875 0.03076171875
3 0.57470703125 0.04150390625 0.02001953125 0.03076171875
3 0.59423828125 0.04248046875 0.0185546875 0.0283203125
2 0.3740234375 0.0595703125 0.01611328125 0.01708984375
0 0.341796875 0.06005859375 0.0947265625 0.1171875
5 0.56396484375 0.0888671875 0.06494140625 0.12548828125
5 0.5810546875 0.10205078125 0.0712890625 0.1513671875