0 0.23046875 0.32470703125 0.11669921875 0.23095703125
2 0.25830078125 0.3603515625 0.033203125 0.02587890625
5 0.228515625 0.24365234375 0.0947265625 0.2275390625
3 0.2392578125 0.15576171875 0.03076171875 0.05078125
2 0.67333984375 0.1943359375 0.01953125 0.01806640625
0 0.62841796875 0.189453125 0.10986328125 0.16845703125
5 0.6162109375 0.138671875 0.052734375 0.16162109375
5 0.64501953125 0.13671875 0.07177734375 0.169921875
3 0.630859375 0.07080078125 0.01708984375 0.03515625
3 0.64990234375 0.06640625 0.0234375 0.0283203125
2 0.40966796875 0.07470703125 0.01708984375 0.01806640625
0 0.37646484375 0.0703125 0.10107421875 0.1201171875