2 0.24462890625 0.3701171875 0.02685546875 0.0224609375
0 0.20947265625 0.30615234375 0.12451171875 0.25244140625
5 0.20703125 0.24853515625 0.10498046875 0.265625
1 0.22412109375 0.14697265625 0.0390625 0.06103515625
2 0.10009765625 0.20751953125 0.0244140625 0.021484375
0 0.08154296875 0.18212890625 0.0888671875 0.18310546875
5 0.07763671875 0.12841796875 0.07421875 0.20458984375
3 0.0849609375 0.04638671875 0.02587890625 0.04052734375
0 0.9306640625 0.205078125 0.1123046875 0.15966796875
5 0.9306640625 0.15234375 0.0615234375 0.18896484375
1 0.9306640625 0.08154296875 0.02734375 0.04541015625