2 0.3310546875 0.44140625 0.02734375 0.02490234375
0 0.29052734375 0.36376953125 0.140625 0.23876953125
5 0.2880859375 0.3046875 0.11669921875 0.28173828125
1 0.30419921875 0.1943359375 0.04345703125 0.0634765625
2 0.1435546875 0.24609375 0.02685546875 0.021484375
0 0.1220703125 0.21533203125 0.0986328125 0.20263671875
5 0.11865234375 0.154296875 0.07861328125 0.20703125
3 0.12451171875 0.07275390625 0.02734375 0.0419921875
0 0.7734375 0.13427734375 0.0986328125 0.13671875
2 0.802734375 0.1181640625 0.02099609375 0.01025390625
5 0.77001953125 0.0810546875 0.04931640625 0.15283203125
1 0.77294921875 0.02490234375 0.0283203125 0.03857421875