2 0.958984375 0.904296875 0.0380859375 0.03515625
0 0.88330078125 0.7705078125 0.22998046875 0.3779296875
5 0.87939453125 0.67236328125 0.16015625 0.36328125
5 0.904296875 0.71142578125 0.189453125 0.34619140625
3 0.92236328125 0.52783203125 0.05029296875 0.07568359375
3 0.958984375 0.576171875 0.05078125 0.078125
0 0.45947265625 0.4208984375 0.16650390625 0.22412109375
5 0.4541015625 0.36865234375 0.11474609375 0.21923828125
5 0.49267578125 0.3896484375 0.12939453125 0.2275390625
1 0.47509765625 0.28955078125 0.0478515625 0.06103515625
3 0.52001953125 0.30224609375 0.03662109375 0.05419921875
2 0.5556640625 0.15625 0.0185546875 0.0205078125
0 0.5234375 0.11865234375 0.09375 0.1494140625
5 0.52734375 0.07568359375 0.06298828125 0.14013671875
1 0.53759765625 0.0205078125 0.02685546875 0.03173828125