1 0.259765625 0.1591796875 0.037109375 0.0556640625
3 0.30029296875 0.16162109375 0.03076171875 0.04736328125
5 0.2421875 0.25341796875 0.08984375 0.2421875
5 0.279296875 0.25927734375 0.10693359375 0.23291015625
3 0.5673828125 0.30859375 0.037109375 0.05859375
0 0.26220703125 0.33203125 0.1259765625 0.2294921875
3 0.59228515625 0.3388671875 0.0390625 0.06201171875
2 0.3046875 0.36328125 0.02978515625 0.02490234375
5 0.5341796875 0.38671875 0.1142578125 0.2216796875
5 0.572265625 0.4130859375 0.14306640625 0.212890625
0 0.32666015625 0.04248046875 0.06640625 0.0849609375
2 0.34814453125 0.04931640625 0.01513671875 0.01904296875
0 0.552734375 0.5 0.1826171875 0.28076171875
0 0.72314453125 0.1103515625 0.09375 0.1279296875