0 0.80078125 0.1357421875 0.10009765625 0.1513671875
1 0.22802734375 0.13916015625 0.037109375 0.04736328125
3 0.267578125 0.1494140625 0.029296875 0.04296875
5 0.20849609375 0.17822265625 0.099609375 0.12548828125
5 0.2568359375 0.22705078125 0.0849609375 0.2001953125
3 0.79150390625 0.02880859375 0.0234375 0.03955078125
3 0.51025390625 0.2880859375 0.0380859375 0.05078125
0 0.2265625 0.29150390625 0.13916015625 0.25244140625
3 0.537109375 0.306640625 0.04052734375 0.05859375
2 0.271484375 0.3408203125 0.0283203125 0.02587890625
0 0.30126953125 0.03564453125 0.0634765625 0.06884765625
5 0.47412109375 0.37109375 0.11669921875 0.21923828125
1 0.8056640625 0.0380859375 0.0234375 0.03955078125
5 0.517578125 0.3818359375 0.14013671875 0.20703125
2 0.3203125 0.03955078125 0.01611328125 0.01806640625
0 0.49169921875 0.44677734375 0.1875 0.2216796875
5 0.78369140625 0.07861328125 0.04931640625 0.13916015625
5 0.8076171875 0.09375 0.05029296875 0.14013671875