0 0.439453125 0.4169921875 0.1845703125 0.2138671875
5 0.4287109375 0.35498046875 0.1083984375 0.2509765625
5 0.4609375 0.365234375 0.142578125 0.22607421875
3 0.4609375 0.25830078125 0.03662109375 0.0576171875
3 0.484375 0.27880859375 0.03955078125 0.0556640625
0 0.19287109375 0.27197265625 0.1416015625 0.234375
5 0.18115234375 0.21044921875 0.09375 0.2216796875
5 0.22265625 0.19775390625 0.0849609375 0.1630859375
1 0.197265625 0.1279296875 0.0390625 0.0498046875
3 0.23486328125 0.1357421875 0.03076171875 0.04052734375
0 0.8857421875 0.17138671875 0.109375 0.1640625
5 0.86328125 0.11328125 0.05810546875 0.158203125
5 0.890625 0.13134765625 0.0615234375 0.14697265625
3 0.87109375 0.05126953125 0.02197265625 0.037109375
1 0.88916015625 0.07568359375 0.02734375 0.0361328125
2 0.9189453125 0.1533203125 0.01611328125 0.01025390625