1 0.291015625 0.1728515625 0.04150390625 0.05419921875
3 0.3291015625 0.18115234375 0.03662109375 0.04541015625
5 0.26806640625 0.27880859375 0.09765625 0.26123046875
5 0.3076171875 0.2822265625 0.11669921875 0.24560546875
0 0.283203125 0.3310546875 0.14892578125 0.265625
3 0.62158203125 0.33984375 0.04345703125 0.0576171875
3 0.64892578125 0.3720703125 0.046875 0.0654296875
2 0.33837890625 0.38720703125 0.029296875 0.0283203125
5 0.58984375 0.42578125 0.11962890625 0.24072265625
5 0.62841796875 0.46484375 0.15234375 0.24658203125
0 0.35595703125 0.0498046875 0.0673828125 0.0966796875
0 0.6083984375 0.556640625 0.1845703125 0.3212890625
4 0.6552734375 0.064453125 0.083984375 0.12451171875
2 0.66650390625 0.64794921875 0.03076171875 0.029296875
2 0.37841796875 0.0654296875 0.0185546875 0.01806640625