1 0.32373046875 0.19384765625 0.0419921875 0.05322265625
3 0.36181640625 0.2041015625 0.037109375 0.05078125
5 0.30322265625 0.30126953125 0.10009765625 0.27490234375
5 0.33935546875 0.31396484375 0.11572265625 0.2724609375
0 0.3173828125 0.349609375 0.15771484375 0.26025390625
3 0.6806640625 0.3720703125 0.04052734375 0.0634765625
3 0.71240234375 0.41064453125 0.0458984375 0.06787109375
2 0.37255859375 0.41552734375 0.0283203125 0.0283203125
5 0.64501953125 0.46435546875 0.12451171875 0.25
4 0.5947265625 0.0517578125 0.07080078125 0.103515625
5 0.68212890625 0.52978515625 0.16650390625 0.31103515625
0 0.65673828125 0.59326171875 0.2158203125 0.349609375
0 0.3857421875 0.06005859375 0.07666015625 0.11328125
2 0.72314453125 0.69580078125 0.0341796875 0.029296875
2 0.40869140625 0.0810546875 0.017578125 0.01904296875