2 0.78173828125 0.744140625 0.03173828125 0.03173828125
0 0.71630859375 0.6494140625 0.20947265625 0.37109375
5 0.70166015625 0.54638671875 0.13671875 0.328125
5 0.73779296875 0.57861328125 0.1796875 0.32470703125
3 0.74169921875 0.41845703125 0.046875 0.06787109375
3 0.771484375 0.44873046875 0.0478515625 0.064453125
2 0.408203125 0.443359375 0.02978515625 0.029296875
0 0.35107421875 0.3603515625 0.16162109375 0.23193359375
5 0.3369140625 0.32421875 0.1044921875 0.2724609375
5 0.375 0.330078125 0.12060546875 0.26708984375
1 0.359375 0.21533203125 0.0419921875 0.0556640625
1 0.39794921875 0.224609375 0.037109375 0.05078125
0 0.41748046875 0.06494140625 0.07763671875 0.1279296875
2 0.44189453125 0.0966796875 0.017578125 0.01904296875