2 0.51513671875 0.13623046875 0.0185546875 0.021484375
1 0.43310546875 0.25927734375 0.04443359375 0.05224609375
3 0.4736328125 0.26904296875 0.03662109375 0.05419921875
5 0.4072265625 0.35009765625 0.109375 0.23876953125
5 0.45263671875 0.36181640625 0.1220703125 0.23291015625
0 0.42041015625 0.3857421875 0.1611328125 0.201171875
3 0.861328125 0.48681640625 0.0458984375 0.0712890625
3 0.8955078125 0.52880859375 0.05029296875 0.06689453125
5 0.81005859375 0.60693359375 0.14794921875 0.3134765625
5 0.486328125 0.06396484375 0.064453125 0.1279296875
5 0.84912109375 0.65234375 0.2080078125 0.31103515625
0 0.8291015625 0.7275390625 0.23046875 0.3779296875
2 0.90185546875 0.84912109375 0.0380859375 0.03515625
0 0.486328125 0.09716796875 0.083984375 0.14013671875