2 0.3515625 0.43359375 0.0283203125 0.0283203125
0 0.31591796875 0.35595703125 0.12841796875 0.2431640625
5 0.30517578125 0.2392578125 0.0615234375 0.14794921875
5 0.328125 0.27783203125 0.10595703125 0.193359375
3 0.30908203125 0.1904296875 0.0341796875 0.05322265625
3 0.34619140625 0.20654296875 0.037109375 0.05078125
0 0.091796875 0.2216796875 0.14013671875 0.212890625
5 0.0830078125 0.17041015625 0.08984375 0.2275390625
2 0.1455078125 0.25732421875 0.0244140625 0.02392578125
1 0.0986328125 0.08154296875 0.03564453125 0.04736328125
5 0.11669921875 0.173828125 0.099609375 0.20703125
3 0.13623046875 0.08984375 0.02978515625 0.03955078125