0 0.34521484375 0.36669921875 0.17236328125 0.22607421875
2 0.39990234375 0.4638671875 0.03076171875 0.02490234375
5 0.3291015625 0.30322265625 0.10205078125 0.23291015625
5 0.36181640625 0.31884765625 0.13671875 0.23779296875
3 0.359375 0.21337890625 0.0322265625 0.05078125
3 0.3896484375 0.2275390625 0.03466796875 0.05224609375
0 0.12353515625 0.23828125 0.13525390625 0.2158203125
5 0.11376953125 0.18603515625 0.09130859375 0.23193359375
5 0.14990234375 0.185546875 0.1025390625 0.212890625
1 0.1328125 0.09521484375 0.03564453125 0.0498046875
3 0.17041015625 0.09912109375 0.0283203125 0.0419921875