4 0.03466796875 0.12890625 0.06689453125 0.23681640625
0 0.78955078125 0.1396484375 0.1025390625 0.1357421875
0 0.888671875 0.154296875 0.1025390625 0.12109375
3 0.56982421875 0.29345703125 0.0400390625 0.07470703125
1 0.7880859375 0.03076171875 0.0263671875 0.04443359375
4 0.724609375 0.03271484375 0.0634765625 0.0654296875
5 0.54345703125 0.3779296875 0.13037109375 0.2431640625
3 0.86181640625 0.03955078125 0.0166015625 0.029296875
1 0.8896484375 0.04443359375 0.02392578125 0.041015625
0 0.541015625 0.48193359375 0.19140625 0.30078125
2 0.6083984375 0.5625 0.03173828125 0.0361328125
5 0.86083984375 0.07763671875 0.03466796875 0.103515625
5 0.79052734375 0.09033203125 0.05517578125 0.16015625
5 0.8916015625 0.10205078125 0.05078125 0.15576171875