5 0.04541015625 0.11376953125 0.08251953125 0.1923828125
0 0.7177734375 0.1142578125 0.09716796875 0.13134765625
0 0.81640625 0.12060546875 0.09814453125 0.1240234375
1 0.7197265625 0.0166015625 0.02734375 0.03271484375
0 0.0439453125 0.1728515625 0.087890625 0.166015625
1 0.8193359375 0.02001953125 0.021484375 0.037109375
3 0.6123046875 0.31396484375 0.03857421875 0.07080078125
3 0.05419921875 0.037109375 0.0283203125 0.0390625
5 0.60302734375 0.390625 0.09033203125 0.22509765625
5 0.79150390625 0.0478515625 0.03369140625 0.095703125
0 0.61279296875 0.54833984375 0.1318359375 0.2421875
2 0.65185546875 0.5927734375 0.03271484375 0.0390625
5 0.818359375 0.0703125 0.0498046875 0.140625
5 0.71728515625 0.0703125 0.0517578125 0.140625