5 0.86572265625 0.11865234375 0.0634765625 0.16650390625
0 0.86474609375 0.16748046875 0.10986328125 0.134765625
1 0.89697265625 0.21142578125 0.04345703125 0.05859375
3 0.53271484375 0.27099609375 0.03662109375 0.06689453125
5 0.869140625 0.30126953125 0.10400390625 0.236328125
5 0.50634765625 0.3447265625 0.1279296875 0.21435546875
0 0.859375 0.36865234375 0.17822265625 0.228515625
4 0.62744140625 0.0380859375 0.07470703125 0.07568359375
2 0.93798828125 0.3857421875 0.0205078125 0.02587890625
0 0.47412109375 0.404296875 0.111328125 0.1826171875
4 0.767578125 0.0419921875 0.0625 0.08349609375
1 0.8623046875 0.05908203125 0.02978515625 0.0458984375