5 0.07958984375 0.13671875 0.087890625 0.19970703125
0 0.08642578125 0.1982421875 0.13427734375 0.201171875
2 0.13525390625 0.2412109375 0.0234375 0.02685546875
3 0.50830078125 0.25537109375 0.0341796875 0.0537109375
3 0.54052734375 0.2685546875 0.033203125 0.05224609375
5 0.4755859375 0.35546875 0.107421875 0.25537109375
5 0.521484375 0.36376953125 0.103515625 0.2421875
0 0.48388671875 0.4228515625 0.1806640625 0.25537109375
2 0.55224609375 0.45947265625 0.033203125 0.03564453125
1 0.9619140625 0.49072265625 0.04833984375 0.0654296875
5 0.92138671875 0.59716796875 0.14990234375 0.27734375
3 0.091796875 0.060546875 0.02685546875 0.046875
0 0.89306640625 0.70947265625 0.2109375 0.3359375