3 0.3642578125 0.17578125 0.03369140625 0.05517578125
0 0.0537109375 0.177734375 0.10595703125 0.185546875
3 0.3896484375 0.19384765625 0.0361328125 0.05615234375
2 0.0869140625 0.22021484375 0.02294921875 0.02685546875
5 0.34326171875 0.27294921875 0.08642578125 0.248046875
5 0.3759765625 0.28515625 0.1044921875 0.2373046875
0 0.349609375 0.34228515625 0.16162109375 0.236328125
2 0.41015625 0.36865234375 0.0302734375 0.02978515625
1 0.75244140625 0.376953125 0.04345703125 0.0634765625
3 0.044921875 0.046875 0.0263671875 0.046875
5 0.7216796875 0.490234375 0.13330078125 0.2890625
0 0.72412109375 0.5830078125 0.22607421875 0.2900390625
2 0.8134765625 0.6083984375 0.03076171875 0.03564453125
5 0.03955078125 0.10986328125 0.0791015625 0.171875