3 0.2529296875 0.12646484375 0.029296875 0.0556640625
3 0.27294921875 0.14013671875 0.02880859375 0.046875
0 0.029296875 0.189453125 0.05859375 0.115234375
2 0.04052734375 0.20068359375 0.0244140625 0.02490234375
5 0.2265625 0.2099609375 0.08544921875 0.22119140625
5 0.263671875 0.224609375 0.09228515625 0.2158203125
0 0.2412109375 0.27880859375 0.1435546875 0.2119140625
1 0.572265625 0.28515625 0.04443359375 0.0595703125
2 0.2919921875 0.29931640625 0.0283203125 0.025390625
3 0.0078125 0.03076171875 0.01513671875 0.0390625
5 0.54931640625 0.3857421875 0.1240234375 0.26123046875
0 0.556640625 0.47900390625 0.1982421875 0.2666015625
2 0.63427734375 0.494140625 0.02880859375 0.03173828125
5 0.017578125 0.08203125 0.03466796875 0.1416015625