1 0.18896484375 0.11572265625 0.03369140625 0.04638671875
5 0.0390625 0.119140625 0.06298828125 0.18505859375
2 0.060546875 0.17724609375 0.02587890625 0.02490234375
0 0.03955078125 0.18603515625 0.0791015625 0.12353515625
5 0.17333984375 0.2060546875 0.0986328125 0.2265625
0 0.1865234375 0.2626953125 0.146484375 0.1953125
2 0.23876953125 0.2744140625 0.02685546875 0.025390625
3 0.71826171875 0.3837890625 0.04736328125 0.0673828125
3 0.02197265625 0.04052734375 0.02783203125 0.04736328125
3 0.04150390625 0.04443359375 0.0263671875 0.03662109375
5 0.68896484375 0.48876953125 0.13330078125 0.27685546875
0 0.68994140625 0.5908203125 0.2236328125 0.33837890625
2 0.76904296875 0.67529296875 0.0302734375 0.04296875
5 0.0205078125 0.0908203125 0.0380859375 0.14697265625