5 0.04443359375 0.1220703125 0.0634765625 0.20556640625
5 0.0703125 0.13232421875 0.06689453125 0.19677734375
1 0.240234375 0.13720703125 0.0322265625 0.04833984375
0 0.0556640625 0.17919921875 0.10400390625 0.1767578125
2 0.09033203125 0.19189453125 0.02490234375 0.025390625
5 0.22900390625 0.22705078125 0.08984375 0.22412109375
0 0.234375 0.28662109375 0.14892578125 0.2138671875
2 0.29248046875 0.2998046875 0.02734375 0.02685546875
3 0.8203125 0.43701171875 0.05078125 0.06640625
3 0.05810546875 0.044921875 0.02734375 0.04931640625
3 0.0732421875 0.0537109375 0.02392578125 0.04150390625
5 0.7880859375 0.5498046875 0.14697265625 0.294921875
0 0.78369140625 0.65185546875 0.24365234375 0.35107421875
2 0.87109375 0.7470703125 0.0322265625 0.04541015625