3 0.6083984375 0.208984375 0.03466796875 0.0498046875
3 0.65576171875 0.220703125 0.03466796875 0.05322265625
5 0.599609375 0.2763671875 0.07568359375 0.1796875
5 0.63232421875 0.31298828125 0.10302734375 0.2373046875
0 0.6220703125 0.4033203125 0.1201171875 0.21337890625
2 0.66455078125 0.41015625 0.02392578125 0.02783203125
1 0.7353515625 0.484375 0.06005859375 0.09033203125
3 0.78515625 0.51708984375 0.052734375 0.09326171875
5 0.69677734375 0.59423828125 0.150390625 0.30908203125
5 0.74169921875 0.64306640625 0.14111328125 0.35302734375
0 0.7041015625 0.73046875 0.19140625 0.369140625
2 0.76953125 0.79052734375 0.041015625 0.04443359375