3 0.73193359375 0.27001953125 0.0361328125 0.0517578125
3 0.78173828125 0.2763671875 0.037109375 0.05908203125
5 0.7373046875 0.3291015625 0.05078125 0.1728515625
5 0.77783203125 0.33837890625 0.06591796875 0.181640625
2 0.791015625 0.47900390625 0.02490234375 0.03271484375
0 0.763671875 0.4892578125 0.091796875 0.17822265625
1 0.83544921875 0.5712890625 0.07666015625 0.09521484375
3 0.89990234375 0.59765625 0.06201171875 0.103515625
5 0.796875 0.7109375 0.19287109375 0.38525390625
5 0.8427734375 0.75244140625 0.1845703125 0.4052734375
0 0.7958984375 0.8134765625 0.27294921875 0.373046875
2 0.88720703125 0.89013671875 0.0390625 0.04150390625