5 0.228515625 0.1396484375 0.07666015625 0.19873046875
5 0.25634765625 0.14013671875 0.09521484375 0.19140625
1 0.57861328125 0.18115234375 0.041015625 0.0546875
0 0.2392578125 0.18701171875 0.13037109375 0.18994140625
2 0.28662109375 0.20361328125 0.02099609375 0.02294921875
5 0.54931640625 0.24072265625 0.1123046875 0.17529296875
1 0.380859375 0.24462890625 0.04150390625 0.06884765625
3 0.4072265625 0.25146484375 0.04150390625 0.05859375
3 0.53759765625 0.25732421875 0.03759765625 0.056640625
5 0.35205078125 0.341796875 0.10107421875 0.2626953125
0 0.5595703125 0.34228515625 0.16015625 0.244140625
2 0.62060546875 0.34912109375 0.02294921875 0.025390625
5 0.3896484375 0.35009765625 0.1005859375 0.25537109375
5 0.51123046875 0.357421875 0.12158203125 0.25732421875
0 0.36376953125 0.39453125 0.14990234375 0.18359375
0 0.515625 0.42724609375 0.15380859375 0.26611328125
2 0.57080078125 0.484375 0.0283203125 0.03125
3 0.25244140625 0.056640625 0.02099609375 0.03271484375
3 0.2734375 0.0615234375 0.02197265625 0.03271484375
2 0.326171875 0.099609375 0.0185546875 0.0185546875
0 0.29833984375 0.10009765625 0.083984375 0.1591796875