5 0.306640625 0.166015625 0.0830078125 0.20947265625
5 0.33935546875 0.17431640625 0.1015625 0.2177734375
0 0.31689453125 0.22802734375 0.14599609375 0.2021484375
2 0.36962890625 0.24658203125 0.021484375 0.02392578125
1 0.46240234375 0.29248046875 0.048828125 0.06884765625
5 0.69189453125 0.31005859375 0.12939453125 0.1904296875
3 0.49072265625 0.3115234375 0.04736328125 0.0673828125
3 0.6728515625 0.3369140625 0.041015625 0.06689453125
5 0.4296875 0.37060546875 0.1181640625 0.2265625
5 0.4677734375 0.3828125 0.10791015625 0.2099609375
0 0.6923828125 0.4267578125 0.18896484375 0.27490234375
2 0.7734375 0.4287109375 0.0234375 0.02978515625
0 0.43701171875 0.439453125 0.1611328125 0.17138671875
5 0.63037109375 0.45458984375 0.14453125 0.3017578125
0 0.62744140625 0.5283203125 0.19677734375 0.36474609375
2 0.7060546875 0.5908203125 0.0302734375 0.03271484375
3 0.3310546875 0.08349609375 0.0263671875 0.0439453125
3 0.3564453125 0.09228515625 0.0302734375 0.0498046875