3 0.50146484375 0.16748046875 0.0390625 0.0576171875
3 0.5419921875 0.17431640625 0.03173828125 0.0498046875
5 0.47998046875 0.25 0.09375 0.22509765625
5 0.51904296875 0.25732421875 0.1162109375 0.2177734375
0 0.501953125 0.3310546875 0.1435546875 0.2236328125
2 0.556640625 0.34765625 0.025390625 0.029296875
1 0.64111328125 0.4150390625 0.05712890625 0.08349609375
3 0.67529296875 0.4423828125 0.04833984375 0.0927734375
5 0.60400390625 0.49658203125 0.13232421875 0.2490234375
5 0.646484375 0.54150390625 0.11865234375 0.29248046875
0 0.6142578125 0.630859375 0.16259765625 0.314453125
2 0.669921875 0.69970703125 0.03759765625 0.03857421875