3 0.4111328125 0.125 0.03173828125 0.048828125
3 0.4462890625 0.12890625 0.03173828125 0.05419921875
5 0.38720703125 0.201171875 0.09130859375 0.2021484375
5 0.42724609375 0.212890625 0.10302734375 0.21875
0 0.40234375 0.27490234375 0.158203125 0.22119140625
2 0.45849609375 0.29443359375 0.0234375 0.0234375
1 0.89697265625 0.3251953125 0.0537109375 0.07373046875
5 0.8671875 0.41162109375 0.12890625 0.24609375
3 0.83544921875 0.44384765625 0.0546875 0.080078125
0 0.85888671875 0.51171875 0.2216796875 0.2861328125
2 0.95703125 0.52490234375 0.0244140625 0.02490234375
5 0.7890625 0.56201171875 0.15673828125 0.3173828125
0 0.775390625 0.6494140625 0.24560546875 0.36083984375
2 0.880859375 0.72314453125 0.029296875 0.03466796875