5 0.3486328125 0.189453125 0.0849609375 0.21630859375
5 0.380859375 0.1923828125 0.1025390625 0.21875
0 0.35791015625 0.248046875 0.14892578125 0.212890625
2 0.4130859375 0.27001953125 0.021484375 0.02294921875
1 0.8056640625 0.2861328125 0.048828125 0.06640625
5 0.77197265625 0.3662109375 0.12646484375 0.22265625
3 0.75244140625 0.3837890625 0.04052734375 0.06884765625
0 0.77294921875 0.46435546875 0.2060546875 0.2724609375
2 0.861328125 0.474609375 0.02685546875 0.03271484375
5 0.703125 0.50537109375 0.1513671875 0.3076171875
0 0.69580078125 0.5947265625 0.21875 0.33251953125
2 0.78662109375 0.65380859375 0.02978515625 0.03466796875
3 0.37109375 0.10302734375 0.02783203125 0.04638671875
3 0.400390625 0.109375 0.03125 0.05322265625