5 0.2626953125 0.15380859375 0.08056640625 0.2001953125
5 0.2978515625 0.1591796875 0.09521484375 0.208984375
0 0.27734375 0.2080078125 0.13818359375 0.19287109375
1 0.64599609375 0.2099609375 0.044921875 0.0517578125
2 0.3271484375 0.224609375 0.0205078125 0.01904296875
1 0.41845703125 0.26611328125 0.0458984375 0.06884765625
5 0.6162109375 0.267578125 0.12255859375 0.1669921875
3 0.447265625 0.28173828125 0.04638671875 0.06298828125
3 0.6025390625 0.2939453125 0.0458984375 0.0625
5 0.39013671875 0.35546875 0.107421875 0.24755859375
5 0.42626953125 0.3671875 0.10595703125 0.2333984375
0 0.62060546875 0.37939453125 0.18359375 0.24853515625
2 0.693359375 0.38671875 0.02490234375 0.02294921875
5 0.5625 0.40185546875 0.140625 0.27587890625
0 0.3994140625 0.40478515625 0.1513671875 0.16015625
0 0.56640625 0.4736328125 0.173828125 0.3125
2 0.63330078125 0.53564453125 0.029296875 0.02734375
3 0.2900390625 0.07275390625 0.0244140625 0.037109375
3 0.3095703125 0.07373046875 0.025390625 0.03759765625