3 0.4580078125 0.14990234375 0.0341796875 0.05859375
3 0.4921875 0.15380859375 0.03515625 0.05224609375
5 0.4296875 0.21533203125 0.09765625 0.189453125
5 0.47265625 0.23046875 0.109375 0.20556640625
0 0.44921875 0.294921875 0.15283203125 0.22119140625
2 0.50537109375 0.3212890625 0.02685546875 0.0244140625
1 0.59130859375 0.38330078125 0.056640625 0.07666015625
3 0.62451171875 0.40966796875 0.0498046875 0.07958984375
5 0.5537109375 0.45751953125 0.13427734375 0.220703125
5 0.61083984375 0.48876953125 0.09521484375 0.24072265625
3 0.93505859375 0.4970703125 0.05419921875 0.07763671875
0 0.5615234375 0.5810546875 0.166015625 0.2724609375
5 0.88916015625 0.62451171875 0.16162109375 0.34228515625
0 0.8642578125 0.712890625 0.2666015625 0.39892578125
2 0.98583984375 0.7958984375 0.0283203125 0.037109375