1 0.453125 0.12646484375 0.03857421875 0.0478515625
0 0.1728515625 0.15087890625 0.12060546875 0.1767578125
2 0.21240234375 0.16552734375 0.0205078125 0.0185546875
5 0.43017578125 0.17919921875 0.09814453125 0.15234375
3 0.43212890625 0.19384765625 0.03271484375 0.0576171875
1 0.30908203125 0.2021484375 0.041015625 0.064453125
3 0.33837890625 0.21337890625 0.04736328125 0.05859375
3 0.185546875 0.02587890625 0.0224609375 0.03466796875
5 0.4140625 0.271484375 0.09716796875 0.2138671875
3 0.1962890625 0.02783203125 0.02294921875 0.033203125
0 0.43505859375 0.27880859375 0.1416015625 0.22119140625
2 0.49072265625 0.28125 0.02490234375 0.02197265625
5 0.28466796875 0.30419921875 0.09375 0.2685546875
5 0.31787109375 0.32177734375 0.099609375 0.275390625
0 0.29443359375 0.3701171875 0.15771484375 0.23095703125
0 0.42919921875 0.3779296875 0.123046875 0.216796875
2 0.46484375 0.4013671875 0.03076171875 0.02880859375
2 0.34716796875 0.40966796875 0.0322265625 0.03076171875
2 0.283203125 0.07666015625 0.017578125 0.015625
0 0.26513671875 0.09033203125 0.06787109375 0.107421875
5 0.16064453125 0.10546875 0.07177734375 0.1953125
5 0.1865234375 0.1103515625 0.08642578125 0.1962890625