0 0.1162109375 0.11962890625 0.08203125 0.16357421875
5 0.04638671875 0.14697265625 0.0732421875 0.19970703125
5 0.06201171875 0.1650390625 0.08349609375 0.2275390625
3 0.646484375 0.17431640625 0.0390625 0.05517578125
0 0.05810546875 0.2158203125 0.103515625 0.189453125
2 0.08935546875 0.22900390625 0.0263671875 0.02587890625
5 0.63037109375 0.26513671875 0.10986328125 0.23681640625
0 0.6396484375 0.3447265625 0.150390625 0.21435546875
2 0.69091796875 0.36083984375 0.03076171875 0.0361328125
4 0.88427734375 0.06298828125 0.07177734375 0.12255859375
4 0.77734375 0.06640625 0.08056640625 0.1328125
1 0.06298828125 0.0673828125 0.03125 0.04296875
3 0.08056640625 0.07421875 0.0283203125 0.044921875
2 0.14111328125 0.111328125 0.01806640625 0.01953125