1 0.1435546875 0.1142578125 0.03564453125 0.05615234375
3 0.1708984375 0.119140625 0.0322265625 0.05029296875
5 0.19921875 0.1318359375 0.04345703125 0.1328125
0 0.216796875 0.15771484375 0.0966796875 0.1630859375
2 0.25 0.15966796875 0.02099609375 0.02001953125
5 0.125 0.1982421875 0.0849609375 0.2255859375
5 0.1513671875 0.2099609375 0.08203125 0.2314453125
2 0.2333984375 0.24609375 0.02294921875 0.02392578125
0 0.2216796875 0.25146484375 0.05712890625 0.12841796875
0 0.1337890625 0.27099609375 0.11865234375 0.20556640625
2 0.17333984375 0.287109375 0.0263671875 0.02734375
1 0.21875 0.03369140625 0.0283203125 0.03759765625
4 0.7587890625 0.03466796875 0.06640625 0.0693359375
3 0.966796875 0.34033203125 0.05615234375 0.0888671875
4 0.642578125 0.04052734375 0.072265625 0.0810546875
5 0.9443359375 0.44091796875 0.111328125 0.2861328125
0 0.92236328125 0.54736328125 0.15380859375 0.2744140625
5 0.21533203125 0.0732421875 0.0556640625 0.11669921875
0 0.044921875 0.0830078125 0.08740234375 0.1484375
3 0.1943359375 0.08544921875 0.0263671875 0.03955078125
2 0.06982421875 0.09423828125 0.017578125 0.01806640625