0 0.14111328125 0.13916015625 0.11328125 0.1728515625
3 0.15234375 0.015625 0.01953125 0.02880859375
2 0.17919921875 0.14990234375 0.01904296875 0.01904296875
5 0.3779296875 0.1650390625 0.0947265625 0.169921875
3 0.38134765625 0.1689453125 0.033203125 0.05419921875
3 0.16259765625 0.01708984375 0.02197265625 0.02978515625
1 0.2734375 0.1865234375 0.04345703125 0.0654296875
3 0.30322265625 0.19482421875 0.0380859375 0.05712890625
0 0.3828125 0.244140625 0.13134765625 0.19921875
2 0.4345703125 0.2529296875 0.02392578125 0.0205078125
5 0.36865234375 0.25537109375 0.09130859375 0.22802734375
5 0.25 0.28125 0.09130859375 0.25537109375
5 0.2822265625 0.29296875 0.0966796875 0.25439453125
0 0.38671875 0.35009765625 0.111328125 0.21142578125
0 0.25634765625 0.3544921875 0.1484375 0.23779296875
2 0.4189453125 0.3642578125 0.0283203125 0.02685546875
2 0.310546875 0.3828125 0.0302734375 0.02978515625
2 0.26611328125 0.06591796875 0.01806640625 0.01953125
0 0.2509765625 0.07177734375 0.0673828125 0.12158203125
5 0.1298828125 0.0859375 0.06640625 0.169921875
5 0.1513671875 0.08984375 0.08935546875 0.17822265625
1 0.400390625 0.10302734375 0.03515625 0.04833984375