0 0.11376953125 0.12451171875 0.10986328125 0.1689453125
5 0.33349609375 0.125 0.080078125 0.1328125
2 0.14892578125 0.13427734375 0.01953125 0.01904296875
3 0.33447265625 0.14453125 0.03125 0.046875
1 0.2392578125 0.1630859375 0.0419921875 0.05810546875
3 0.27197265625 0.17529296875 0.03955078125 0.056640625
5 0.32470703125 0.2109375 0.0791015625 0.1796875
0 0.33984375 0.21630859375 0.11376953125 0.185546875
2 0.3828125 0.22509765625 0.0244140625 0.0244140625
5 0.21533203125 0.25146484375 0.091796875 0.236328125
5 0.25244140625 0.27294921875 0.08984375 0.2509765625
0 0.2236328125 0.33154296875 0.14208984375 0.2294921875
2 0.37255859375 0.3330078125 0.02734375 0.02783203125
0 0.34619140625 0.3330078125 0.099609375 0.181640625
2 0.27685546875 0.3564453125 0.02783203125 0.02978515625
2 0.25146484375 0.056640625 0.01806640625 0.017578125
0 0.23486328125 0.06298828125 0.064453125 0.111328125
5 0.099609375 0.07861328125 0.060546875 0.15673828125
5 0.12646484375 0.0810546875 0.07861328125 0.162109375
1 0.34716796875 0.0849609375 0.03466796875 0.0498046875