2 0.1748046875 0.12646484375 0.0185546875 0.02001953125
0 0.14453125 0.13525390625 0.0947265625 0.17138671875
5 0.0703125 0.1650390625 0.076171875 0.22119140625
5 0.08984375 0.18115234375 0.083984375 0.22802734375
3 0.7373046875 0.22119140625 0.04052734375 0.06396484375
0 0.0830078125 0.23974609375 0.1044921875 0.2001953125
2 0.115234375 0.248046875 0.029296875 0.029296875
5 0.720703125 0.32177734375 0.11376953125 0.26416015625
0 0.72607421875 0.4033203125 0.166015625 0.2353515625
2 0.787109375 0.42041015625 0.029296875 0.03515625
5 0.13720703125 0.05908203125 0.06591796875 0.11767578125
4 0.72998046875 0.0615234375 0.0751953125 0.10498046875
4 0.8408203125 0.06201171875 0.07568359375 0.0966796875
1 0.087890625 0.07763671875 0.03369140625 0.046875
3 0.10986328125 0.08935546875 0.02685546875 0.044921875