2 0.2109375 0.142578125 0.01904296875 0.01708984375
0 0.197265625 0.1708984375 0.0615234375 0.13623046875
5 0.0986328125 0.18115234375 0.0712890625 0.2265625
5 0.123046875 0.18896484375 0.0810546875 0.220703125
1 0.18212890625 0.0205078125 0.03369140625 0.041015625
0 0.10791015625 0.24609375 0.1123046875 0.19921875
2 0.1435546875 0.2685546875 0.02734375 0.0283203125
3 0.84521484375 0.28125 0.03759765625 0.05322265625
5 0.82421875 0.39306640625 0.12060546875 0.27685546875
4 0.80029296875 0.04541015625 0.0703125 0.087890625
4 0.6845703125 0.04736328125 0.07275390625 0.0947265625
0 0.8271484375 0.46923828125 0.17919921875 0.24951171875
2 0.89794921875 0.48974609375 0.03125 0.0341796875
5 0.17724609375 0.06201171875 0.0546875 0.12353515625
0 0.03271484375 0.076171875 0.064453125 0.130859375
2 0.0478515625 0.08251953125 0.01904296875 0.0185546875
1 0.11474609375 0.095703125 0.0361328125 0.05322265625
3 0.14111328125 0.10302734375 0.03173828125 0.046875