5 0.0283203125 0.11376953125 0.0546875 0.15478515625
3 0.56298828125 0.13525390625 0.03955078125 0.060546875
5 0.04150390625 0.1474609375 0.076171875 0.21630859375
0 0.0419921875 0.2021484375 0.08349609375 0.1923828125
2 0.06494140625 0.2119140625 0.0263671875 0.0234375
5 0.546875 0.2236328125 0.10302734375 0.23681640625
0 0.560546875 0.29931640625 0.142578125 0.20166015625
2 0.6083984375 0.30908203125 0.0263671875 0.03076171875
1 0.0390625 0.06005859375 0.03125 0.0478515625
3 0.0576171875 0.06103515625 0.0283203125 0.0439453125
4 0.92626953125 0.07763671875 0.07666015625 0.10791015625
4 0.8271484375 0.095703125 0.08642578125 0.115234375
2 0.109375 0.09814453125 0.01953125 0.0185546875
0 0.0908203125 0.10791015625 0.06689453125 0.1484375