5 0.41650390625 0.1630859375 0.07861328125 0.1884765625
5 0.43701171875 0.16455078125 0.1064453125 0.1845703125
5 0.1689453125 0.2041015625 0.09375 0.2421875
0 0.423828125 0.20703125 0.12646484375 0.19287109375
0 0.1767578125 0.26708984375 0.13134765625 0.212890625
2 0.220703125 0.28515625 0.02685546875 0.02490234375
1 0.81494140625 0.50439453125 0.05810546875 0.0869140625
5 0.7744140625 0.6318359375 0.16162109375 0.34619140625
0 0.7705078125 0.74267578125 0.2470703125 0.37255859375
2 0.8623046875 0.79052734375 0.03564453125 0.04052734375
3 0.43359375 0.087890625 0.0224609375 0.0390625
3 0.46435546875 0.08935546875 0.0234375 0.03515625
1 0.18603515625 0.109375 0.0458984375 0.0537109375