3 0.52392578125 0.11572265625 0.0322265625 0.05029296875
1 0.24169921875 0.1376953125 0.05078125 0.0595703125
5 0.46923828125 0.18017578125 0.07666015625 0.19775390625
5 0.49560546875 0.19775390625 0.10498046875 0.21337890625
5 0.22216796875 0.234375 0.103515625 0.2587890625
0 0.4775390625 0.23828125 0.1337890625 0.20458984375
0 0.23193359375 0.30078125 0.1376953125 0.2373046875
2 0.279296875 0.3203125 0.0263671875 0.02587890625
1 0.9462890625 0.59228515625 0.0673828125 0.08935546875
5 0.8984375 0.73828125 0.18310546875 0.38671875
0 0.87451171875 0.82080078125 0.2509765625 0.3583984375
3 0.48876953125 0.10791015625 0.03173828125 0.05419921875