5 0.88037109375 0.13134765625 0.04833984375 0.16455078125
5 0.91357421875 0.14697265625 0.0654296875 0.16796875
0 0.9130859375 0.2021484375 0.11669921875 0.14013671875
3 0.88232421875 0.28125 0.03271484375 0.0673828125
3 0.9130859375 0.29541015625 0.033203125 0.05712890625
1 0.638671875 0.3466796875 0.0625 0.080078125
5 0.8544921875 0.37158203125 0.10498046875 0.251953125
5 0.8876953125 0.3837890625 0.1279296875 0.23291015625
0 0.85302734375 0.42578125 0.18408203125 0.23046875
5 0.6025390625 0.44287109375 0.14453125 0.27197265625
0 0.60546875 0.56787109375 0.18798828125 0.31103515625
2 0.6806640625 0.60302734375 0.0302734375 0.03271484375
3 0.87890625 0.06591796875 0.0224609375 0.0341796875
3 0.9111328125 0.08251953125 0.021484375 0.0380859375