5 0.3896484375 0.134765625 0.08935546875 0.18115234375
5 0.36572265625 0.13525390625 0.072265625 0.197265625
5 0.1142578125 0.17578125 0.09423828125 0.2333984375
0 0.375 0.18359375 0.10986328125 0.18017578125
0 0.125 0.2421875 0.12548828125 0.189453125
2 0.16796875 0.25244140625 0.02490234375 0.025390625
1 0.6982421875 0.42724609375 0.052734375 0.07861328125
5 0.6630859375 0.51953125 0.14794921875 0.26708984375
3 0.380859375 0.06201171875 0.03271484375 0.05224609375
0 0.66845703125 0.64794921875 0.2060546875 0.3369140625
3 0.41064453125 0.06689453125 0.0302734375 0.04541015625
2 0.74462890625 0.69091796875 0.0361328125 0.04052734375
1 0.1318359375 0.08544921875 0.04248046875 0.0537109375