0 0.8984375 0.384765625 0.19970703125 0.24853515625
5 0.91259765625 0.32177734375 0.1103515625 0.2294921875
3 0.943359375 0.2294921875 0.03125 0.04443359375
4 0.9169921875 0.119140625 0.10986328125 0.18896484375
4 0.83056640625 0.0673828125 0.080078125 0.134765625
4 0.66552734375 0.04736328125 0.08154296875 0.0947265625
0 0.39453125 0.40625 0.171875 0.15087890625
5 0.45068359375 0.36328125 0.087890625 0.216796875
5 0.38623046875 0.37548828125 0.10986328125 0.21728515625
1 0.41357421875 0.3017578125 0.0537109375 0.0693359375
3 0.46875 0.2861328125 0.046875 0.0634765625