0 0.71435546875 0.25439453125 0.125 0.18359375
5 0.73388671875 0.19189453125 0.1123046875 0.2060546875
5 0.712890625 0.193359375 0.08203125 0.1953125
2 0.7626953125 0.26123046875 0.02099609375 0.0185546875
3 0.7724609375 0.109375 0.02392578125 0.04052734375
1 0.73828125 0.11669921875 0.0283203125 0.04345703125
0 0.056640625 0.24462890625 0.11083984375 0.22119140625
5 0.0595703125 0.18408203125 0.10498046875 0.2275390625
5 0.0361328125 0.1884765625 0.06884765625 0.19775390625
1 0.06005859375 0.1083984375 0.0205078125 0.03759765625
3 0.08154296875 0.09619140625 0.02685546875 0.05029296875
2 0.087890625 0.30029296875 0.025390625 0.02001953125
0 0.4326171875 0.12353515625 0.09716796875 0.1669921875
2 0.4638671875 0.1611328125 0.01904296875 0.0205078125