3 0.74755859375 0.17138671875 0.0283203125 0.05029296875
5 0.04541015625 0.18408203125 0.0908203125 0.23681640625
5 0.75048828125 0.22705078125 0.05517578125 0.16259765625
0 0.06005859375 0.2587890625 0.1201171875 0.20703125
2 0.0986328125 0.259765625 0.02392578125 0.0244140625
2 0.80908203125 0.3544921875 0.021484375 0.02294921875
0 0.78271484375 0.36474609375 0.0771484375 0.154296875
3 0.6533203125 0.390625 0.03857421875 0.0771484375
1 0.6025390625 0.404296875 0.05224609375 0.0703125
5 0.56640625 0.46484375 0.12548828125 0.19091796875
5 0.63330078125 0.47314453125 0.10791015625 0.24072265625
0 0.5927734375 0.5869140625 0.1865234375 0.29541015625
4 0.7607421875 0.07763671875 0.09375 0.1552734375
1 0.05859375 0.0927734375 0.037109375 0.0537109375