0 0.78662109375 0.3349609375 0.162109375 0.21630859375
5 0.78955078125 0.2470703125 0.10546875 0.19677734375
1 0.81982421875 0.1728515625 0.03515625 0.05126953125
2 0.85400390625 0.34326171875 0.017578125 0.0166015625
0 0.57763671875 0.5146484375 0.20068359375 0.28466796875
5 0.57373046875 0.39306640625 0.119140625 0.208984375
3 0.607421875 0.3291015625 0.048828125 0.07470703125
5 0.62158203125 0.44970703125 0.1455078125 0.2890625
3 0.65380859375 0.33935546875 0.04296875 0.06640625
0 0.51416015625 0.38916015625 0.0947265625 0.193359375
5 0.564453125 0.3056640625 0.10107421875 0.20654296875
3 0.5908203125 0.23388671875 0.03662109375 0.0673828125