1 0.1533203125 0.11376953125 0.0361328125 0.05615234375
1 0.17041015625 0.1162109375 0.0341796875 0.0517578125
5 0.2373046875 0.15869140625 0.0556640625 0.17138671875
3 0.81591796875 0.17041015625 0.0263671875 0.0478515625
3 0.94873046875 0.1962890625 0.02587890625 0.04638671875
5 0.12646484375 0.2001953125 0.09130859375 0.22900390625
5 0.154296875 0.20556640625 0.10205078125 0.22802734375
3 0.96728515625 0.20947265625 0.02685546875 0.04345703125
5 0.7998046875 0.224609375 0.08056640625 0.15380859375
0 0.23291015625 0.26171875 0.05126953125 0.1318359375
0 0.1396484375 0.26171875 0.13916015625 0.2080078125
5 0.9189453125 0.26416015625 0.08544921875 0.18017578125
0 0.79833984375 0.26806640625 0.1083984375 0.1181640625
2 0.2392578125 0.28271484375 0.0263671875 0.025390625
5 0.95068359375 0.2890625 0.09765625 0.20263671875
2 0.19189453125 0.32470703125 0.0244140625 0.03125
0 0.92333984375 0.34716796875 0.13525390625 0.20166015625
4 0.63818359375 0.03662109375 0.0693359375 0.0732421875
2 0.97705078125 0.36474609375 0.0224609375 0.025390625
2 0.326171875 0.06396484375 0.01611328125 0.01513671875
0 0.3017578125 0.06494140625 0.080078125 0.1298828125
4 0.7509765625 0.07470703125 0.09375 0.14892578125
5 0.2119140625 0.10400390625 0.04833984375 0.09765625