4 0.9365234375 0.12109375 0.07421875 0.1826171875
4 0.85986328125 0.12451171875 0.10302734375 0.205078125
0 0.130859375 0.16552734375 0.1337890625 0.16162109375
2 0.17138671875 0.166015625 0.0205078125 0.01904296875
3 0.40087890625 0.1796875 0.03515625 0.05029296875
5 0.37548828125 0.28662109375 0.12451171875 0.2626953125
0 0.38623046875 0.361328125 0.1689453125 0.23779296875
2 0.44775390625 0.38525390625 0.025390625 0.02783203125
3 0.70556640625 0.43994140625 0.044921875 0.07373046875
5 0.66357421875 0.5302734375 0.15576171875 0.25439453125
0 0.67578125 0.66845703125 0.2021484375 0.3525390625
2 0.75341796875 0.7041015625 0.0341796875 0.0400390625
5 0.1171875 0.10498046875 0.06787109375 0.19287109375
5 0.15234375 0.11181640625 0.0869140625 0.1923828125