0 0.490234375 0.42529296875 0.20166015625 0.2490234375
5 0.49658203125 0.34423828125 0.10791015625 0.2421875
3 0.5263671875 0.2548828125 0.03857421875 0.0634765625
5 0.52685546875 0.380859375 0.1396484375 0.2685546875
3 0.56396484375 0.2763671875 0.03662109375 0.056640625
0 0.58056640625 0.30029296875 0.16455078125 0.20703125
5 0.580078125 0.21923828125 0.09814453125 0.19677734375
1 0.599609375 0.14794921875 0.03955078125 0.05908203125
5 0.64111328125 0.20361328125 0.064453125 0.15625
3 0.646484375 0.1494140625 0.02880859375 0.04736328125
2 0.65576171875 0.2998046875 0.02392578125 0.02099609375
4 0.86669921875 0.07568359375 0.083984375 0.1513671875