4 0.7880859375 0.10302734375 0.099609375 0.19677734375
0 0.34326171875 0.2041015625 0.16943359375 0.19580078125
5 0.37939453125 0.14892578125 0.09326171875 0.19287109375
5 0.33837890625 0.14697265625 0.1015625 0.20068359375
2 0.4140625 0.20703125 0.01708984375 0.0205078125
3 0.40478515625 0.0712890625 0.02685546875 0.037109375
1 0.3642578125 0.06982421875 0.0322265625 0.04638671875
0 0.18505859375 0.2392578125 0.13818359375 0.21337890625
5 0.17919921875 0.17236328125 0.1005859375 0.224609375
1 0.1962890625 0.0830078125 0.03466796875 0.0458984375
2 0.2353515625 0.25830078125 0.02197265625 0.02294921875