0 0.1259765625 0.11865234375 0.12060546875 0.13818359375
3 0.16064453125 0.0126953125 0.0166015625 0.02490234375
2 0.17333984375 0.12744140625 0.0234375 0.01904296875
1 0.13671875 0.013671875 0.0244140625 0.02734375
4 0.9228515625 0.1611328125 0.154296875 0.259765625
3 0.3212890625 0.22607421875 0.03173828125 0.05029296875
5 0.29052734375 0.3310546875 0.11962890625 0.2587890625
0 0.29150390625 0.3896484375 0.1806640625 0.205078125
2 0.35498046875 0.43505859375 0.02734375 0.02392578125
5 0.1455078125 0.08349609375 0.072265625 0.1669921875
5 0.11669921875 0.0869140625 0.0693359375 0.173828125