0 0.19384765625 0.15185546875 0.142578125 0.17724609375
2 0.25 0.1533203125 0.02099609375 0.0205078125
1 0.208984375 0.02880859375 0.0302734375 0.0419921875
3 0.24072265625 0.03515625 0.02197265625 0.0322265625
3 0.751953125 0.4375 0.0439453125 0.07470703125
5 0.71044921875 0.572265625 0.15185546875 0.3388671875
0 0.70068359375 0.67236328125 0.21142578125 0.32177734375
2 0.78369140625 0.71142578125 0.0302734375 0.03271484375
4 0.7333984375 0.07666015625 0.080078125 0.1533203125
4 0.6484375 0.0791015625 0.09130859375 0.158203125
5 0.18408203125 0.10595703125 0.09033203125 0.1962890625
5 0.2216796875 0.111328125 0.08544921875 0.1845703125