5 0.37646484375 0.16015625 0.08349609375 0.19091796875
5 0.0732421875 0.171875 0.09228515625 0.20751953125
3 0.306640625 0.177734375 0.037109375 0.0625
3 0.294921875 0.20361328125 0.03271484375 0.04736328125
0 0.3828125 0.21826171875 0.1259765625 0.20703125
2 0.42578125 0.2265625 0.01953125 0.0234375
0 0.0673828125 0.2353515625 0.1259765625 0.21875
2 0.11181640625 0.2763671875 0.02490234375 0.0205078125
5 0.28271484375 0.2763671875 0.107421875 0.259765625
5 0.3115234375 0.30029296875 0.099609375 0.2373046875
0 0.283203125 0.3525390625 0.16796875 0.2421875
2 0.35009765625 0.3759765625 0.0244140625 0.02685546875
1 0.396484375 0.08740234375 0.03125 0.04541015625
3 0.068359375 0.09228515625 0.03662109375 0.05078125