5 0.306640625 0.130859375 0.08251953125 0.17333984375
3 0.21533203125 0.13671875 0.03076171875 0.04541015625
3 0.2041015625 0.16162109375 0.02783203125 0.0419921875
0 0.30859375 0.1865234375 0.12841796875 0.18115234375
2 0.35498046875 0.19287109375 0.02001953125 0.0185546875
5 0.1953125 0.23876953125 0.10107421875 0.25048828125
5 0.2197265625 0.2548828125 0.09765625 0.22705078125
0 0.197265625 0.3056640625 0.150390625 0.2294921875
2 0.25732421875 0.32373046875 0.0234375 0.02197265625
1 0.9755859375 0.4736328125 0.04833984375 0.078125
5 0.93212890625 0.55517578125 0.1357421875 0.2392578125
1 0.32763671875 0.060546875 0.02392578125 0.0322265625
0 0.90087890625 0.64208984375 0.189453125 0.2275390625
4 0.7451171875 0.0693359375 0.0810546875 0.13525390625
0 0.896484375 0.83740234375 0.20703125 0.3251953125