3 0.126953125 0.12158203125 0.03173828125 0.0478515625
1 0.466796875 0.1435546875 0.03369140625 0.0498046875
1 0.349609375 0.150390625 0.0361328125 0.04541015625
5 0.11865234375 0.2119140625 0.1025390625 0.22607421875
5 0.4521484375 0.212890625 0.0966796875 0.1884765625
5 0.33056640625 0.24609375 0.103515625 0.2373046875
1 0.4189453125 0.25048828125 0.04541015625 0.068359375
0 0.1201171875 0.279296875 0.1181640625 0.18994140625
0 0.3291015625 0.2900390625 0.12890625 0.1650390625
0 0.4580078125 0.30078125 0.142578125 0.22119140625
2 0.51318359375 0.31298828125 0.0224609375 0.0234375
2 0.16064453125 0.34521484375 0.01953125 0.0244140625
5 0.39013671875 0.34619140625 0.13330078125 0.26171875
4 0.7421875 0.03955078125 0.06884765625 0.0771484375
0 0.3876953125 0.392578125 0.162109375 0.19140625
1 0.8876953125 0.54248046875 0.0576171875 0.08935546875
3 0.9169921875 0.5947265625 0.05126953125 0.08056640625
5 0.107421875 0.06396484375 0.072265625 0.1279296875
5 0.84375 0.66845703125 0.1484375 0.33935546875
5 0.87451171875 0.73876953125 0.166015625 0.37060546875
0 0.82958984375 0.78173828125 0.24755859375 0.3857421875
4 0.890625 0.083984375 0.08642578125 0.16796875
2 0.919921875 0.9072265625 0.03564453125 0.044921875
0 0.111328125 0.10107421875 0.107421875 0.13623046875
2 0.1494140625 0.10546875 0.017578125 0.0166015625