0 0.88427734375 0.64404296875 0.2275390625 0.326171875
5 0.89404296875 0.548828125 0.138671875 0.29443359375
1 0.9375 0.439453125 0.05078125 0.078125
5 0.86572265625 0.53515625 0.07470703125 0.19873046875
3 0.87841796875 0.45947265625 0.0390625 0.04345703125
2 0.97265625 0.74658203125 0.0263671875 0.03466796875
0 0.20458984375 0.30859375 0.12451171875 0.208984375
5 0.201171875 0.19580078125 0.107421875 0.1796875
2 0.24462890625 0.32421875 0.02783203125 0.02099609375
1 0.22119140625 0.13916015625 0.0341796875 0.0498046875
0 0.12158203125 0.1884765625 0.1083984375 0.12939453125
5 0.123046875 0.126953125 0.08349609375 0.17333984375
1 0.13916015625 0.06494140625 0.0390625 0.05224609375