0 0.58056640625 0.48193359375 0.19775390625 0.2919921875
5 0.5791015625 0.39013671875 0.1220703125 0.2763671875
2 0.65771484375 0.50341796875 0.02978515625 0.03125
3 0.60595703125 0.28076171875 0.03369140625 0.0576171875
0 0.4365234375 0.25146484375 0.1416015625 0.20263671875
5 0.4599609375 0.20068359375 0.09521484375 0.203125
5 0.4169921875 0.20068359375 0.06298828125 0.19091796875
2 0.48486328125 0.26904296875 0.0263671875 0.0283203125
0 0.40673828125 0.11279296875 0.08203125 0.0830078125
0 0.22314453125 0.23388671875 0.13623046875 0.21337890625
5 0.21484375 0.17626953125 0.08837890625 0.21630859375
1 0.2373046875 0.0908203125 0.033203125 0.04638671875
2 0.27099609375 0.2861328125 0.02197265625 0.02197265625
0 0.0498046875 0.22900390625 0.09912109375 0.21240234375
2 0.0771484375 0.2802734375 0.025390625 0.02490234375
5 0.0478515625 0.18505859375 0.0859375 0.21044921875
5 0.02978515625 0.158203125 0.05859375 0.1953125
3 0.06494140625 0.09912109375 0.02880859375 0.0390625
1 0.0419921875 0.08349609375 0.0341796875 0.0458984375