3 0.673828125 0.11376953125 0.0244140625 0.0400390625
4 0.896484375 0.12744140625 0.11181640625 0.23291015625
1 0.20947265625 0.1533203125 0.03515625 0.052734375
5 0.630859375 0.1708984375 0.068359375 0.1865234375
3 0.236328125 0.17724609375 0.03173828125 0.052734375
5 0.65380859375 0.18115234375 0.078125 0.1767578125
1 0.4462890625 0.18310546875 0.04345703125 0.05615234375
0 0.63818359375 0.22802734375 0.11279296875 0.1630859375
3 0.712890625 0.2373046875 0.03173828125 0.04931640625
5 0.18798828125 0.24853515625 0.09423828125 0.244140625
5 0.2119140625 0.27001953125 0.10400390625 0.23876953125
5 0.419921875 0.27001953125 0.0986328125 0.2314453125
0 0.19677734375 0.314453125 0.14990234375 0.23828125
5 0.7109375 0.333984375 0.12060546875 0.24462890625
0 0.42724609375 0.33935546875 0.15673828125 0.244140625
2 0.24462890625 0.37890625 0.02880859375 0.02587890625
0 0.6787109375 0.3974609375 0.16796875 0.240234375
2 0.48583984375 0.41015625 0.0263671875 0.02880859375
2 0.73974609375 0.42333984375 0.02685546875 0.0341796875
0 0.916015625 0.7177734375 0.16796875 0.318359375
1 0.64990234375 0.10107421875 0.02880859375 0.04638671875