0 0.85546875 0.66357421875 0.2587890625 0.3447265625
5 0.85595703125 0.56298828125 0.1552734375 0.318359375
3 0.89892578125 0.435546875 0.04052734375 0.0634765625
2 0.95361328125 0.701171875 0.02734375 0.03662109375
4 0.95654296875 0.1435546875 0.08642578125 0.212890625
0 0.6103515625 0.35302734375 0.1552734375 0.2333984375
5 0.640625 0.2919921875 0.11376953125 0.22900390625
2 0.66796875 0.37646484375 0.0263671875 0.02978515625
3 0.6416015625 0.19873046875 0.02783203125 0.04345703125
0 0.57080078125 0.177734375 0.10595703125 0.1416015625
5 0.5869140625 0.14697265625 0.07275390625 0.15869140625
5 0.56396484375 0.13720703125 0.0615234375 0.17333984375
0 0.3740234375 0.310546875 0.15234375 0.2431640625
5 0.36669921875 0.24169921875 0.10009765625 0.22119140625
1 0.3916015625 0.15673828125 0.037109375 0.05078125
2 0.42919921875 0.37744140625 0.02294921875 0.0302734375
0 0.15576171875 0.29345703125 0.1435546875 0.2314453125
2 0.20068359375 0.35302734375 0.02734375 0.02392578125
5 0.16943359375 0.24951171875 0.10205078125 0.22802734375
5 0.1435546875 0.216796875 0.0830078125 0.21826171875
3 0.19287109375 0.15771484375 0.02880859375 0.044921875
1 0.16748046875 0.13330078125 0.03466796875 0.0517578125