0 0.740234375 0.47509765625 0.18798828125 0.2880859375
5 0.740234375 0.38525390625 0.12841796875 0.275390625
1 0.7685546875 0.27880859375 0.04443359375 0.06103515625
2 0.81396484375 0.49560546875 0.025390625 0.02490234375
4 0.90771484375 0.140625 0.11572265625 0.21435546875
4 0.79150390625 0.07470703125 0.0947265625 0.14892578125
0 0.46240234375 0.36962890625 0.16552734375 0.2509765625
5 0.48876953125 0.31298828125 0.1083984375 0.26025390625
5 0.4443359375 0.29833984375 0.091796875 0.24267578125
2 0.51953125 0.45556640625 0.029296875 0.03271484375
3 0.5107421875 0.212890625 0.0361328125 0.06005859375
3 0.4736328125 0.20556640625 0.03515625 0.05712890625
0 0.2138671875 0.25146484375 0.1484375 0.21044921875
5 0.212890625 0.1904296875 0.1279296875 0.2265625
1 0.24169921875 0.1025390625 0.03759765625 0.0517578125