0 0.66796875 0.51171875 0.18701171875 0.30712890625
5 0.69873046875 0.44384765625 0.11962890625 0.3017578125
5 0.65478515625 0.4228515625 0.1044921875 0.2841796875
2 0.73388671875 0.60498046875 0.03369140625 0.03857421875
3 0.72265625 0.326171875 0.04052734375 0.0673828125
3 0.68701171875 0.31396484375 0.03759765625 0.0654296875
4 0.89599609375 0.10693359375 0.10595703125 0.177734375
4 0.8486328125 0.05908203125 0.0615234375 0.11572265625
0 0.44970703125 0.36181640625 0.193359375 0.2490234375
5 0.45166015625 0.27392578125 0.12158203125 0.2216796875
1 0.4736328125 0.19189453125 0.04296875 0.05810546875
2 0.52587890625 0.380859375 0.02734375 0.03369140625
4 0.6435546875 0.0595703125 0.08837890625 0.11865234375