0 0.26123046875 0.16748046875 0.12158203125 0.17822265625
2 0.30078125 0.171875 0.02099609375 0.0185546875
0 0.0888671875 0.20361328125 0.044921875 0.1220703125
2 0.09716796875 0.2236328125 0.0234375 0.0244140625
1 0.39306640625 0.27978515625 0.0400390625 0.05419921875
1 0.26123046875 0.033203125 0.029296875 0.03955078125
5 0.35498046875 0.36865234375 0.13232421875 0.232421875
0 0.36181640625 0.40234375 0.1884765625 0.18798828125
3 0.07958984375 0.04248046875 0.02783203125 0.04345703125
3 0.85791015625 0.46435546875 0.04638671875 0.06591796875
5 0.8173828125 0.59716796875 0.15625 0.333984375
0 0.81494140625 0.697265625 0.24755859375 0.3720703125
2 0.91015625 0.79248046875 0.0322265625 0.03955078125
5 0.0869140625 0.09130859375 0.04345703125 0.14208984375
5 0.2490234375 0.11181640625 0.083984375 0.197265625