3 0.39404296875 0.12646484375 0.0244140625 0.04541015625
3 0.44384765625 0.13818359375 0.025390625 0.04052734375
5 0.630859375 0.1669921875 0.06591796875 0.1826171875
5 0.64892578125 0.18408203125 0.0888671875 0.2001953125
5 0.40380859375 0.1943359375 0.04345703125 0.181640625
5 0.43212890625 0.1982421875 0.068359375 0.16015625
1 0.2685546875 0.21875 0.0458984375 0.06103515625
0 0.63916015625 0.2275390625 0.0908203125 0.19677734375
3 0.56103515625 0.263671875 0.03125 0.04150390625
2 0.66357421875 0.27197265625 0.01953125 0.01904296875
3 0.58203125 0.28466796875 0.033203125 0.0498046875
0 0.42626953125 0.3212890625 0.0791015625 0.1455078125
5 0.244140625 0.32373046875 0.1181640625 0.27001953125
5 0.51806640625 0.36669921875 0.1171875 0.24755859375
5 0.55810546875 0.38916015625 0.0986328125 0.25927734375
0 0.248046875 0.3935546875 0.16650390625 0.248046875
0 0.5234375 0.44580078125 0.1845703125 0.26171875
2 0.3037109375 0.4775390625 0.0283203125 0.0283203125
2 0.59326171875 0.48291015625 0.02978515625 0.0302734375
4 0.88037109375 0.08642578125 0.09423828125 0.1640625
1 0.64794921875 0.09619140625 0.0302734375 0.04150390625
3 0.6728515625 0.10400390625 0.0224609375 0.03955078125