4 0.95263671875 0.11376953125 0.0947265625 0.17626953125
3 0.3759765625 0.11865234375 0.02880859375 0.04248046875
3 0.423828125 0.13427734375 0.02783203125 0.04150390625
5 0.6044921875 0.14892578125 0.05859375 0.16650390625
5 0.62255859375 0.1669921875 0.08154296875 0.19189453125
5 0.384765625 0.1923828125 0.04638671875 0.1884765625
1 0.2255859375 0.19580078125 0.04248046875 0.0537109375
0 0.6171875 0.2109375 0.0830078125 0.185546875
5 0.40771484375 0.21142578125 0.08544921875 0.1943359375
3 0.53759765625 0.25146484375 0.029296875 0.0439453125
2 0.63720703125 0.25439453125 0.01953125 0.01806640625
3 0.55810546875 0.27294921875 0.03515625 0.04833984375
5 0.20068359375 0.29345703125 0.11279296875 0.248046875
2 0.40673828125 0.3125 0.0810546875 0.14111328125
5 0.49560546875 0.35791015625 0.11376953125 0.2568359375
5 0.53271484375 0.37451171875 0.0966796875 0.251953125
0 0.20703125 0.376953125 0.15673828125 0.2666015625
0 0.50341796875 0.42919921875 0.181640625 0.2529296875
2 0.2578125 0.44580078125 0.02880859375 0.0283203125
2 0.57080078125 0.46826171875 0.02978515625 0.02880859375
1 0.61865234375 0.08447265625 0.02490234375 0.03759765625
3 0.64404296875 0.08984375 0.02294921875 0.03857421875