1 0.244140625 0.1416015625 0.03466796875 0.05029296875
4 0.93505859375 0.14990234375 0.11669921875 0.2041015625
5 0.0400390625 0.14990234375 0.07666015625 0.19482421875
0 0.57080078125 0.15185546875 0.099609375 0.1572265625
5 0.07080078125 0.154296875 0.078125 0.193359375
3 0.25830078125 0.1728515625 0.0322265625 0.04638671875
2 0.60888671875 0.19873046875 0.01806640625 0.0185546875
0 0.05859375 0.2158203125 0.11474609375 0.19189453125
5 0.22607421875 0.22509765625 0.07177734375 0.21630859375
2 0.0966796875 0.22802734375 0.0224609375 0.02197265625
5 0.2412109375 0.24853515625 0.08349609375 0.19970703125
1 0.45849609375 0.2666015625 0.04443359375 0.0654296875
0 0.240234375 0.31201171875 0.1005859375 0.2333984375
5 0.4287109375 0.3564453125 0.12841796875 0.24462890625
2 0.26416015625 0.37548828125 0.02783203125 0.02392578125
1 0.63525390625 0.4111328125 0.05224609375 0.0732421875
0 0.43603515625 0.41455078125 0.17431640625 0.17431640625
3 0.58935546875 0.04345703125 0.01611328125 0.03955078125
5 0.59716796875 0.490234375 0.150390625 0.23193359375
3 0.60302734375 0.0517578125 0.0185546875 0.03515625
0 0.603515625 0.6015625 0.1767578125 0.3046875
3 0.0595703125 0.0732421875 0.0322265625 0.04150390625
3 0.083984375 0.07861328125 0.02783203125 0.03955078125
5 0.56591796875 0.1025390625 0.0634765625 0.15869140625
5 0.5908203125 0.1103515625 0.07373046875 0.154296875