0 0.6357421875 0.38671875 0.22412109375 0.2109375
5 0.63037109375 0.31640625 0.12841796875 0.2587890625
2 0.71826171875 0.40966796875 0.0224609375 0.03125
0 0.19873046875 0.333984375 0.1328125 0.24755859375
5 0.19677734375 0.26416015625 0.109375 0.236328125
1 0.2119140625 0.17041015625 0.04638671875 0.048828125
2 0.244140625 0.4013671875 0.02978515625 0.0302734375
0 0.06298828125 0.2314453125 0.1240234375 0.19482421875
5 0.0439453125 0.16943359375 0.08447265625 0.2158203125
1 0.0556640625 0.08544921875 0.0361328125 0.0478515625
2 0.10888671875 0.2421875 0.02099609375 0.02294921875