5 0.07080078125 0.18359375 0.09521484375 0.2265625
1 0.23828125 0.18994140625 0.0478515625 0.06787109375
0 0.080078125 0.2470703125 0.15966796875 0.19873046875
2 0.13818359375 0.25341796875 0.0244140625 0.02734375
1 0.76904296875 0.2607421875 0.04052734375 0.0625
5 0.22509765625 0.28125 0.10791015625 0.25048828125
0 0.2255859375 0.3544921875 0.138671875 0.25146484375
5 0.72705078125 0.35595703125 0.1455078125 0.25341796875
0 0.7294921875 0.412109375 0.21875 0.2099609375
2 0.26953125 0.419921875 0.02978515625 0.0322265625
2 0.8232421875 0.458984375 0.0205078125 0.033203125
1 0.0859375 0.09814453125 0.0390625 0.05517578125