0 0.74853515625 0.5244140625 0.2294921875 0.29345703125
5 0.75244140625 0.4384765625 0.1337890625 0.29443359375
3 0.77734375 0.322265625 0.0390625 0.05908203125
2 0.84716796875 0.54833984375 0.02880859375 0.03759765625
0 0.4111328125 0.310546875 0.17724609375 0.22607421875
5 0.40185546875 0.23291015625 0.10595703125 0.244140625
1 0.42431640625 0.13916015625 0.03662109375 0.05615234375
2 0.48095703125 0.32421875 0.02587890625 0.03125
0 0.27734375 0.2197265625 0.1357421875 0.208984375
5 0.26953125 0.154296875 0.10693359375 0.216796875
1 0.27978515625 0.07080078125 0.03369140625 0.048828125
2 0.33203125 0.22705078125 0.02294921875 0.021484375