5 0.1142578125 0.11474609375 0.0791015625 0.2080078125
3 0.330078125 0.12646484375 0.02978515625 0.0419921875
5 0.6318359375 0.138671875 0.0654296875 0.1591796875
5 0.65087890625 0.14404296875 0.0830078125 0.154296875
0 0.12158203125 0.18212890625 0.13037109375 0.185546875
0 0.6328125 0.18798828125 0.11572265625 0.1728515625
2 0.16748046875 0.1884765625 0.021484375 0.01953125
5 0.31494140625 0.2197265625 0.103515625 0.22802734375
2 0.67138671875 0.2333984375 0.0166015625 0.02099609375
0 0.3203125 0.28271484375 0.15478515625 0.21044921875
2 0.38134765625 0.30029296875 0.025390625 0.0263671875
1 0.12744140625 0.0341796875 0.03173828125 0.04541015625