0 0.12548828125 0.3583984375 0.13134765625 0.25244140625
5 0.13818359375 0.24365234375 0.0986328125 0.212890625
3 0.13671875 0.1669921875 0.03515625 0.06396484375
0 0.70947265625 0.24462890625 0.13232421875 0.1826171875
5 0.701171875 0.1767578125 0.08740234375 0.19189453125
3 0.72509765625 0.10498046875 0.02490234375 0.03271484375
0 0.22607421875 0.2412109375 0.13623046875 0.19970703125
5 0.2138671875 0.1513671875 0.068359375 0.15283203125
1 0.22216796875 0.09765625 0.03271484375 0.04541015625
5 0.2548828125 0.1611328125 0.07275390625 0.15625
3 0.2666015625 0.10546875 0.03271484375 0.044921875
2 0.27783203125 0.255859375 0.01953125 0.02001953125