5 0.0810546875 0.13330078125 0.0849609375 0.2021484375
5 0.11865234375 0.14453125 0.08056640625 0.201171875
0 0.0888671875 0.19091796875 0.12890625 0.189453125
2 0.13623046875 0.20458984375 0.02001953125 0.021484375
3 0.3037109375 0.25732421875 0.03125 0.05712890625
3 0.58056640625 0.2890625 0.0400390625 0.0634765625
5 0.3017578125 0.36083984375 0.10498046875 0.26318359375
5 0.5634765625 0.38525390625 0.17041015625 0.25732421875
0 0.2890625 0.43408203125 0.177734375 0.1845703125
0 0.556640625 0.50927734375 0.2451171875 0.30419921875
0 0.31494140625 0.0537109375 0.07763671875 0.10595703125
2 0.66357421875 0.53759765625 0.01953125 0.0283203125
1 0.09521484375 0.0546875 0.033203125 0.044921875
3 0.13671875 0.06298828125 0.02392578125 0.03759765625
2 0.337890625 0.07421875 0.01416015625 0.01318359375