5 0.22021484375 0.138671875 0.05419921875 0.14306640625
5 0.03466796875 0.14990234375 0.0693359375 0.2158203125
5 0.16162109375 0.1533203125 0.0966796875 0.19921875
3 0.173828125 0.1904296875 0.03076171875 0.068359375
0 0.17236328125 0.21923828125 0.1484375 0.17138671875
0 0.04931640625 0.22021484375 0.0986328125 0.17626953125
2 0.08154296875 0.22216796875 0.02392578125 0.0263671875
2 0.23291015625 0.2392578125 0.0234375 0.0205078125
5 0.17822265625 0.2919921875 0.10546875 0.26953125
0 0.1640625 0.39697265625 0.140625 0.25341796875
3 0.9033203125 0.427734375 0.04833984375 0.078125
5 0.8876953125 0.57421875 0.1748046875 0.3740234375
1 0.03662109375 0.06689453125 0.03369140625 0.048828125
0 0.8603515625 0.673828125 0.279296875 0.35400390625
1 0.181640625 0.080078125 0.0322265625 0.052734375
3 0.22119140625 0.0888671875 0.02490234375 0.04443359375