3 0.7900390625 0.1533203125 0.029296875 0.04345703125
5 0.77294921875 0.20654296875 0.08642578125 0.15185546875
1 0.33837890625 0.25390625 0.048828125 0.06982421875
3 0.36767578125 0.27197265625 0.03759765625 0.06103515625
0 0.7861328125 0.29931640625 0.1259765625 0.18505859375
2 0.83349609375 0.30908203125 0.0205078125 0.02587890625
5 0.31103515625 0.35546875 0.10595703125 0.27392578125
5 0.361328125 0.35986328125 0.14697265625 0.23876953125
0 0.3212890625 0.40966796875 0.17919921875 0.20068359375
0 0.31298828125 0.08203125 0.10009765625 0.1083984375
2 0.3505859375 0.1015625 0.015625 0.0185546875