3 0.25146484375 0.1484375 0.0263671875 0.04150390625
3 0.263671875 0.15966796875 0.02685546875 0.04248046875
1 0.44287109375 0.18212890625 0.0361328125 0.05322265625
1 0.85400390625 0.21484375 0.04052734375 0.0517578125
3 0.91259765625 0.22216796875 0.0322265625 0.052734375
5 0.2158203125 0.23486328125 0.0966796875 0.2138671875
5 0.23779296875 0.255859375 0.0986328125 0.23486328125
5 0.42236328125 0.29248046875 0.103515625 0.27490234375
0 0.22802734375 0.302734375 0.11572265625 0.22119140625
5 0.8251953125 0.31005859375 0.11474609375 0.2421875
5 0.87451171875 0.31640625 0.1171875 0.24267578125
0 0.4228515625 0.36083984375 0.10546875 0.2421875
0 0.81640625 0.3662109375 0.19287109375 0.216796875
2 0.89892578125 0.4072265625 0.015625 0.02001953125
2 0.44970703125 0.43359375 0.03173828125 0.03076171875