1 0.3583984375 0.11376953125 0.0302734375 0.05029296875
5 0.47607421875 0.1513671875 0.08251953125 0.2021484375
5 0.5087890625 0.15234375 0.09912109375 0.20068359375
5 0.1298828125 0.17431640625 0.08154296875 0.19775390625
5 0.15185546875 0.18310546875 0.08984375 0.19091796875
5 0.34228515625 0.19775390625 0.0927734375 0.21875
0 0.4775390625 0.21240234375 0.12841796875 0.18212890625
2 0.52490234375 0.22509765625 0.01904296875 0.0185546875
0 0.14208984375 0.22607421875 0.1201171875 0.22705078125
1 0.8515625 0.23974609375 0.04345703125 0.0517578125
0 0.34033203125 0.2705078125 0.0947265625 0.21484375
5 0.8310546875 0.287109375 0.10205078125 0.1484375
0 0.8134765625 0.3310546875 0.1015625 0.1044921875
2 0.365234375 0.3310546875 0.0302734375 0.029296875
1 0.498046875 0.07373046875 0.0322265625 0.0439453125
3 0.5419921875 0.07568359375 0.02978515625 0.048828125
3 0.158203125 0.099609375 0.0263671875 0.04833984375
3 0.171875 0.10888671875 0.02490234375 0.04052734375