1 0.12939453125 0.1162109375 0.03515625 0.0546875
5 0.5556640625 0.16455078125 0.08251953125 0.18994140625
3 0.85107421875 0.19677734375 0.0283203125 0.04931640625
5 0.1123046875 0.20556640625 0.0966796875 0.23486328125
3 0.87841796875 0.21533203125 0.02880859375 0.0439453125
0 0.56640625 0.22216796875 0.10595703125 0.19384765625
2 0.599609375 0.26904296875 0.01806640625 0.021484375
0 0.12060546875 0.27734375 0.1337890625 0.23583984375
5 0.8203125 0.29150390625 0.09423828125 0.23974609375
5 0.861328125 0.30126953125 0.07568359375 0.21630859375
2 0.16552734375 0.33056640625 0.02587890625 0.0205078125
0 0.82373046875 0.36767578125 0.18896484375 0.22119140625
4 0.80224609375 0.05908203125 0.0703125 0.11767578125
0 0.92431640625 0.63037109375 0.1513671875 0.3056640625
1 0.57763671875 0.09033203125 0.03125 0.04248046875