0 0.28466796875 0.11962890625 0.11181640625 0.1572265625
2 0.3291015625 0.1279296875 0.01708984375 0.0146484375
1 0.43359375 0.1826171875 0.04150390625 0.06005859375
1 0.92236328125 0.19384765625 0.02880859375 0.03955078125
3 0.947265625 0.19970703125 0.025390625 0.0439453125
5 0.8935546875 0.267578125 0.0830078125 0.18701171875
5 0.40869140625 0.27783203125 0.115234375 0.2509765625
5 0.9228515625 0.28125 0.0986328125 0.20751953125
0 0.89501953125 0.32373046875 0.1552734375 0.21337890625
0 0.4091796875 0.34716796875 0.1728515625 0.248046875
2 0.47314453125 0.412109375 0.02392578125 0.02880859375