1 0.802734375 0.142578125 0.0283203125 0.037109375
3 0.8251953125 0.1474609375 0.0234375 0.03759765625
1 0.36181640625 0.154296875 0.03662109375 0.05712890625
5 0.77880859375 0.21240234375 0.0771484375 0.17578125
5 0.8125 0.220703125 0.08251953125 0.18408203125
5 0.337890625 0.2470703125 0.11328125 0.24267578125
0 0.77978515625 0.26708984375 0.140625 0.20458984375
2 0.82763671875 0.31640625 0.021484375 0.0185546875
0 0.33984375 0.3173828125 0.16357421875 0.24609375
2 0.4013671875 0.3740234375 0.0263671875 0.02587890625
0 0.22509765625 0.0947265625 0.107421875 0.14794921875
2 0.26416015625 0.1015625 0.0166015625 0.013671875