0 0.8681640625 0.75830078125 0.263671875 0.37255859375
5 0.89208984375 0.64697265625 0.2158203125 0.359375
1 0.94091796875 0.51220703125 0.0595703125 0.08935546875
0 0.775390625 0.5087890625 0.19384765625 0.26416015625
5 0.765625 0.43310546875 0.123046875 0.29150390625
1 0.79833984375 0.31982421875 0.04150390625 0.0634765625
2 0.85107421875 0.55908203125 0.0341796875 0.03515625
4 0.9130859375 0.0810546875 0.0830078125 0.16064453125
4 0.611328125 0.048828125 0.07275390625 0.09765625
0 0.24169921875 0.05908203125 0.08544921875 0.107421875
2 0.271484375 0.076171875 0.01611328125 0.013671875