0 0.7626953125 0.669921875 0.25 0.35693359375
5 0.7568359375 0.57421875 0.14892578125 0.35888671875
1 0.79150390625 0.4326171875 0.06396484375 0.076171875
2 0.86962890625 0.71044921875 0.03173828125 0.04248046875
0 0.6376953125 0.4443359375 0.21044921875 0.26171875
5 0.646484375 0.37353515625 0.13525390625 0.291015625
1 0.666015625 0.2587890625 0.04541015625 0.06005859375
2 0.7255859375 0.48095703125 0.02392578125 0.02490234375
0 0.22998046875 0.34619140625 0.1630859375 0.2314453125
2 0.28466796875 0.35888671875 0.0263671875 0.02685546875
5 0.22314453125 0.25830078125 0.109375 0.25048828125
5 0.24072265625 0.1591796875 0.03466796875 0.05224609375