5 0.18408203125 0.13330078125 0.05859375 0.16357421875
1 0.14501953125 0.1455078125 0.03857421875 0.0498046875
5 0.125 0.234375 0.1083984375 0.2275390625
2 0.21435546875 0.236328125 0.0205078125 0.01904296875
0 0.2041015625 0.251953125 0.048828125 0.146484375
1 0.5009765625 0.2841796875 0.0439453125 0.0625
0 0.13134765625 0.302734375 0.13525390625 0.25
1 0.841796875 0.33935546875 0.0498046875 0.07080078125
2 0.17236328125 0.35888671875 0.02490234375 0.021484375
5 0.47998046875 0.3671875 0.12744140625 0.22900390625
5 0.81591796875 0.458984375 0.15283203125 0.31494140625
0 0.48486328125 0.46435546875 0.22216796875 0.203125
2 0.564453125 0.5263671875 0.02734375 0.03515625
0 0.8056640625 0.5498046875 0.2373046875 0.30810546875
2 0.904296875 0.57958984375 0.0244140625 0.02783203125
0 0.12353515625 0.07177734375 0.07421875 0.12353515625
1 0.18603515625 0.07421875 0.03271484375 0.04443359375
2 0.14794921875 0.0859375 0.015625 0.01416015625