1 0.16552734375 0.130859375 0.041015625 0.0556640625
1 0.4189453125 0.15966796875 0.04296875 0.0576171875
5 0.15283203125 0.2275390625 0.10302734375 0.2490234375
5 0.40478515625 0.2587890625 0.11328125 0.255859375
0 0.16748046875 0.29638671875 0.150390625 0.2255859375
1 0.77978515625 0.30029296875 0.052734375 0.0673828125
2 0.220703125 0.30615234375 0.0283203125 0.0244140625
0 0.3974609375 0.33203125 0.185546875 0.24853515625
1 0.72705078125 0.34619140625 0.0517578125 0.0673828125
2 0.47216796875 0.3525390625 0.02294921875 0.0224609375
5 0.77490234375 0.37353515625 0.0771484375 0.2158203125
5 0.693359375 0.455078125 0.13232421875 0.29052734375
0 0.7607421875 0.49072265625 0.17138671875 0.2744140625
2 0.82861328125 0.515625 0.0234375 0.02685546875
0 0.68408203125 0.5400390625 0.2197265625 0.328125
2 0.7685546875 0.62548828125 0.02587890625 0.02978515625