0 0.67138671875 0.58935546875 0.20458984375 0.31689453125
5 0.6611328125 0.4970703125 0.14013671875 0.33349609375
2 0.7451171875 0.61328125 0.0341796875 0.03466796875
1 0.6953125 0.3681640625 0.046875 0.0751953125
0 0.56689453125 0.431640625 0.1611328125 0.19677734375
5 0.65478515625 0.36376953125 0.125 0.181640625
5 0.6015625 0.38037109375 0.11767578125 0.27490234375
3 0.68896484375 0.29833984375 0.03466796875 0.05029296875
1 0.626953125 0.27685546875 0.04443359375 0.0673828125
0 0.2607421875 0.36962890625 0.15283203125 0.24267578125
5 0.25537109375 0.29248046875 0.1123046875 0.24267578125
2 0.3193359375 0.40380859375 0.02978515625 0.02294921875
1 0.28125 0.2021484375 0.04296875 0.06103515625
0 0.37158203125 0.271484375 0.13525390625 0.208984375
5 0.36572265625 0.2041015625 0.1025390625 0.22705078125
2 0.42236328125 0.28271484375 0.02294921875 0.02099609375
3 0.38671875 0.1142578125 0.02734375 0.0478515625
0 0.17236328125 0.20751953125 0.09521484375 0.19384765625
2 0.1962890625 0.21630859375 0.02392578125 0.0185546875
5 0.16845703125 0.14501953125 0.08642578125 0.20751953125
1 0.18310546875 0.0615234375 0.0322265625 0.041015625
0 0.23193359375 0.169921875 0.03857421875 0.1142578125
2 0.2265625 0.1826171875 0.0205078125 0.0166015625
5 0.23046875 0.0732421875 0.048828125 0.12646484375
3 0.23486328125 0.029296875 0.02392578125 0.03857421875