5 0.017578125 0.11767578125 0.033203125 0.1533203125
3 0.45849609375 0.17236328125 0.03125 0.05126953125
3 0.4931640625 0.1923828125 0.0361328125 0.056640625
2 0.03759765625 0.216796875 0.02587890625 0.02587890625
0 0.0283203125 0.2314453125 0.05419921875 0.1416015625
5 0.43359375 0.263671875 0.0888671875 0.232421875
5 0.46630859375 0.26708984375 0.103515625 0.20263671875
3 0.767578125 0.28759765625 0.03759765625 0.06005859375
1 0.61376953125 0.32080078125 0.0537109375 0.07373046875
0 0.44091796875 0.333984375 0.12841796875 0.244140625
5 0.73828125 0.39306640625 0.13720703125 0.27099609375
4 0.86474609375 0.0400390625 0.0673828125 0.07958984375
2 0.47412109375 0.400390625 0.02734375 0.02734375
5 0.58984375 0.421875 0.11962890625 0.27587890625
0 0.73779296875 0.47607421875 0.18408203125 0.26904296875
2 0.81298828125 0.5 0.0234375 0.02978515625
0 0.578125 0.52880859375 0.20556640625 0.30908203125
1 0.9375 0.5537109375 0.0654296875 0.0869140625
2 0.65966796875 0.56201171875 0.03271484375 0.0302734375
3 0.0078125 0.05859375 0.0146484375 0.03759765625
5 0.87646484375 0.68115234375 0.19287109375 0.34130859375
0 0.86181640625 0.794921875 0.2763671875 0.3837890625