0 0.3291015625 0.3525390625 0.13818359375 0.220703125
5 0.3310546875 0.2490234375 0.10400390625 0.20703125
1 0.35498046875 0.173828125 0.0390625 0.0634765625
2 0.37353515625 0.36328125 0.03173828125 0.0283203125
0 0.5302734375 0.501953125 0.20458984375 0.23193359375
5 0.51708984375 0.41845703125 0.14306640625 0.21630859375
1 0.53955078125 0.353515625 0.0673828125 0.0966796875
2 0.607421875 0.595703125 0.02978515625 0.0263671875
0 0.5283203125 0.3359375 0.17529296875 0.19091796875
5 0.52783203125 0.26953125 0.12158203125 0.2197265625
3 0.5517578125 0.1884765625 0.03173828125 0.06103515625
2 0.59521484375 0.37744140625 0.0234375 0.02197265625