1 0.2646484375 0.11376953125 0.03466796875 0.0498046875
3 0.46484375 0.1474609375 0.02783203125 0.0478515625
5 0.2421875 0.19140625 0.095703125 0.205078125
5 0.443359375 0.20751953125 0.1064453125 0.16796875
1 0.39892578125 0.263671875 0.044921875 0.0634765625
0 0.2470703125 0.267578125 0.10595703125 0.21435546875
2 0.2734375 0.2841796875 0.0263671875 0.02001953125
0 0.44140625 0.31201171875 0.15576171875 0.2099609375
2 0.50244140625 0.326171875 0.02099609375 0.021484375
1 0.8017578125 0.35791015625 0.05029296875 0.07470703125
5 0.37451171875 0.3583984375 0.1181640625 0.2529296875
3 0.8642578125 0.3779296875 0.03564453125 0.0546875
4 0.86376953125 0.0400390625 0.0625 0.0791015625
0 0.37353515625 0.40234375 0.1884765625 0.177734375
5 0.8251953125 0.45068359375 0.14013671875 0.19873046875
5 0.771484375 0.46484375 0.13232421875 0.2880859375
1 0.87939453125 0.4736328125 0.05322265625 0.08251953125
0 0.73876953125 0.51708984375 0.19091796875 0.20556640625
5 0.83642578125 0.61279296875 0.15966796875 0.36083984375
0 0.8369140625 0.708984375 0.2431640625 0.353515625
2 0.927734375 0.75 0.03271484375 0.03466796875