0 0.37158203125 0.3896484375 0.18798828125 0.2001953125
5 0.37158203125 0.33349609375 0.1279296875 0.2861328125
1 0.3974609375 0.2236328125 0.04296875 0.06396484375
2 0.4521484375 0.421875 0.03125 0.0224609375
0 0.23681640625 0.19873046875 0.12060546875 0.16943359375
5 0.240234375 0.1513671875 0.0810546875 0.220703125
3 0.25 0.06787109375 0.029296875 0.05078125
2 0.28759765625 0.21240234375 0.02001953125 0.01611328125
0 0.09423828125 0.27099609375 0.1240234375 0.1982421875
5 0.083984375 0.201171875 0.08837890625 0.23291015625
1 0.09814453125 0.11767578125 0.0400390625 0.0576171875
2 0.13671875 0.28466796875 0.025390625 0.02294921875