5 0.17919921875 0.1171875 0.08447265625 0.19091796875
5 0.02392578125 0.15234375 0.0478515625 0.19775390625
1 0.27001953125 0.16943359375 0.04345703125 0.06396484375
0 0.1787109375 0.169921875 0.11181640625 0.14990234375
2 0.06298828125 0.23828125 0.0234375 0.02490234375
0 0.041015625 0.25537109375 0.08203125 0.13916015625
5 0.24169921875 0.26220703125 0.1181640625 0.24658203125
5 0.13427734375 0.03076171875 0.0576171875 0.0615234375
0 0.2421875 0.3408203125 0.173828125 0.212890625
2 0.318359375 0.35302734375 0.0234375 0.0302734375
3 0.1884765625 0.0439453125 0.02880859375 0.04296875
0 0.1318359375 0.05859375 0.064453125 0.1171875
1 0.01904296875 0.08154296875 0.03515625 0.0537109375
2 0.13427734375 0.0908203125 0.01611328125 0.015625