0 0.8251953125 0.712890625 0.27197265625 0.376953125
5 0.87939453125 0.63818359375 0.15771484375 0.322265625
5 0.8349609375 0.62548828125 0.15380859375 0.35400390625
2 0.93505859375 0.76513671875 0.02978515625 0.03759765625
3 0.91259765625 0.5107421875 0.0478515625 0.068359375
1 0.8828125 0.4873046875 0.056640625 0.0771484375
0 0.248046875 0.2587890625 0.1064453125 0.2255859375
5 0.2607421875 0.1923828125 0.1064453125 0.19970703125
5 0.2392578125 0.18994140625 0.0751953125 0.20361328125
2 0.27197265625 0.314453125 0.025390625 0.021484375
3 0.287109375 0.11474609375 0.02490234375 0.04345703125
1 0.26171875 0.1123046875 0.0302734375 0.04736328125