2 0.32275390625 0.130859375 0.01904296875 0.0185546875
3 0.51025390625 0.22216796875 0.029296875 0.04931640625
3 0.87890625 0.24365234375 0.03076171875 0.046875
1 0.84521484375 0.24560546875 0.03759765625 0.05126953125
5 0.8203125 0.2919921875 0.09130859375 0.14404296875
5 0.85302734375 0.32373046875 0.1162109375 0.20703125
5 0.4833984375 0.33154296875 0.115234375 0.267578125
3 0.76708984375 0.33544921875 0.0361328125 0.05126953125
3 0.650390625 0.35546875 0.03564453125 0.06201171875
0 0.4853515625 0.390625 0.12939453125 0.23388671875
4 0.86279296875 0.0400390625 0.0654296875 0.080078125
0 0.83740234375 0.400390625 0.125 0.24755859375
2 0.525390625 0.42626953125 0.02880859375 0.0263671875
5 0.74072265625 0.4267578125 0.11279296875 0.23486328125
5 0.61474609375 0.4619140625 0.138671875 0.275390625
2 0.8798828125 0.47216796875 0.0244140625 0.03173828125
0 0.75244140625 0.52734375 0.142578125 0.30908203125
0 0.63037109375 0.57080078125 0.1953125 0.35107421875
2 0.794921875 0.60888671875 0.03125 0.03173828125
2 0.69189453125 0.61865234375 0.0341796875 0.03271484375
0 0.30224609375 0.09130859375 0.07763671875 0.14501953125