0 0.9208984375 0.4580078125 0.15771484375 0.265625
5 0.94384765625 0.384765625 0.1123046875 0.240234375
5 0.91796875 0.3759765625 0.1015625 0.2236328125
2 0.98046875 0.533203125 0.02392578125 0.03515625
3 0.98193359375 0.29248046875 0.03271484375 0.05419921875
1 0.9453125 0.29150390625 0.037109375 0.0546875
0 0.798828125 0.56787109375 0.14794921875 0.328125
5 0.7841796875 0.443359375 0.1181640625 0.2060546875
2 0.84228515625 0.650390625 0.0322265625 0.03271484375
3 0.81591796875 0.3671875 0.0400390625 0.05224609375
0 0.6689453125 0.60791015625 0.19970703125 0.3701171875
5 0.65478515625 0.51123046875 0.1494140625 0.3046875
2 0.73388671875 0.65869140625 0.0341796875 0.0341796875
3 0.6943359375 0.38916015625 0.03662109375 0.060546875
0 0.51220703125 0.416015625 0.13427734375 0.23974609375
5 0.50830078125 0.34814453125 0.12646484375 0.2587890625
3 0.5380859375 0.24462890625 0.0302734375 0.0517578125
2 0.55322265625 0.455078125 0.0302734375 0.0263671875
0 0.3486328125 0.11767578125 0.083984375 0.1630859375
2 0.37109375 0.15771484375 0.01953125 0.01953125
5 0.35791015625 0.0771484375 0.0751953125 0.14892578125
3 0.37158203125 0.0166015625 0.02001953125 0.02783203125