3 0.3681640625 0.1240234375 0.0322265625 0.04296875
0 0.41162109375 0.13525390625 0.09716796875 0.1689453125
5 0.17578125 0.15576171875 0.0888671875 0.2119140625
2 0.4462890625 0.15625 0.01611328125 0.01513671875
1 0.716796875 0.17333984375 0.03662109375 0.0556640625
1 0.4267578125 0.02099609375 0.02685546875 0.04052734375
0 0.18359375 0.2060546875 0.10400390625 0.203125
5 0.3525390625 0.20751953125 0.09326171875 0.20947265625
2 0.20654296875 0.22021484375 0.02490234375 0.02001953125
5 0.689453125 0.24072265625 0.10400390625 0.18994140625
0 0.361328125 0.271484375 0.1435546875 0.220703125
1 0.63818359375 0.2822265625 0.0458984375 0.060546875
2 0.40966796875 0.32177734375 0.02392578125 0.02587890625
0 0.6982421875 0.3310546875 0.12744140625 0.23193359375
5 0.61376953125 0.37109375 0.1220703125 0.23681640625
1 0.6767578125 0.380859375 0.05810546875 0.06982421875
2 0.73828125 0.39208984375 0.0234375 0.02197265625
4 0.86376953125 0.04052734375 0.06298828125 0.07958984375
0 0.5908203125 0.43359375 0.16796875 0.19189453125
5 0.64013671875 0.517578125 0.15087890625 0.3447265625
0 0.65625 0.61572265625 0.22509765625 0.3330078125
5 0.40625 0.06494140625 0.083984375 0.1298828125
3 0.19140625 0.06689453125 0.02197265625 0.03515625
2 0.75341796875 0.66796875 0.02978515625 0.0361328125