1 0.7568359375 0.15283203125 0.0390625 0.05419921875
0 0.40478515625 0.17041015625 0.09912109375 0.171875
3 0.53857421875 0.2021484375 0.0341796875 0.0419921875
2 0.43701171875 0.2216796875 0.0205078125 0.0234375
5 0.7236328125 0.23046875 0.107421875 0.2099609375
5 0.349609375 0.27783203125 0.1044921875 0.23681640625
5 0.5166015625 0.28759765625 0.1044921875 0.21533203125
0 0.71923828125 0.29736328125 0.15234375 0.1923828125
0 0.35986328125 0.3525390625 0.1611328125 0.244140625
0 0.5234375 0.361328125 0.1474609375 0.24755859375
2 0.41259765625 0.3779296875 0.02783203125 0.025390625
4 0.86328125 0.041015625 0.068359375 0.0810546875
2 0.56787109375 0.42431640625 0.02783203125 0.02880859375
3 0.43408203125 0.04931640625 0.02587890625 0.04052734375
3 0.408203125 0.05810546875 0.02490234375 0.03466796875
5 0.431640625 0.1025390625 0.05908203125 0.14404296875
5 0.396484375 0.1025390625 0.05029296875 0.12548828125