0 0.697265625 0.451171875 0.20654296875 0.26025390625
5 0.744140625 0.384765625 0.1181640625 0.26025390625
5 0.69580078125 0.36865234375 0.11962890625 0.2548828125
2 0.77001953125 0.474609375 0.0224609375 0.025390625
3 0.7744140625 0.283203125 0.033203125 0.05712890625
3 0.7255859375 0.26953125 0.03369140625 0.0576171875
0 0.32177734375 0.365234375 0.1728515625 0.224609375
5 0.3154296875 0.31005859375 0.11376953125 0.2646484375
1 0.3447265625 0.20703125 0.04150390625 0.05810546875
2 0.38427734375 0.4130859375 0.02783203125 0.02392578125
0 0.404296875 0.1337890625 0.09326171875 0.17041015625
5 0.3984375 0.0859375 0.07421875 0.1708984375
1 0.41259765625 0.0166015625 0.02490234375 0.03173828125
2 0.43359375 0.14111328125 0.0185546875 0.01611328125
0 0.22802734375 0.09912109375 0.0908203125 0.15625
2 0.25830078125 0.13037109375 0.01708984375 0.0146484375
0 0.0400390625 0.259765625 0.07861328125 0.14501953125
5 0.02783203125 0.12548828125 0.0546875 0.14599609375
2 0.0595703125 0.251953125 0.0234375 0.0234375
1 0.0126953125 0.0751953125 0.02392578125 0.0458984375