2 0.1015625 0.1162109375 0.02001953125 0.01953125
0 0.08740234375 0.11669921875 0.07763671875 0.16455078125
5 0.18896484375 0.12744140625 0.0830078125 0.17236328125
1 0.2607421875 0.13232421875 0.0419921875 0.05224609375
5 0.421875 0.13623046875 0.09033203125 0.20849609375
1 0.7158203125 0.1513671875 0.03466796875 0.0517578125
5 0.24609375 0.17041015625 0.09765625 0.12890625
0 0.18359375 0.17236328125 0.10205078125 0.15869140625
0 0.423828125 0.189453125 0.11865234375 0.1953125
1 0.28466796875 0.1943359375 0.04638671875 0.05810546875
5 0.697265625 0.2353515625 0.1064453125 0.21826171875
2 0.46533203125 0.23681640625 0.0205078125 0.01953125
0 0.1494140625 0.0244140625 0.0009765625 0.00048828125
0 0.22216796875 0.2587890625 0.10595703125 0.1689453125
5 0.259765625 0.29345703125 0.1201171875 0.259765625
0 0.693359375 0.3037109375 0.14306640625 0.21337890625
2 0.7470703125 0.31689453125 0.02294921875 0.02197265625
0 0.26904296875 0.369140625 0.177734375 0.234375
2 0.33984375 0.4140625 0.029296875 0.0302734375
1 0.8525390625 0.4677734375 0.056640625 0.08984375
0 0.21337890625 0.05224609375 0.0771484375 0.1044921875
2 0.240234375 0.05712890625 0.0146484375 0.015625
1 0.4423828125 0.05859375 0.033203125 0.05029296875
5 0.80419921875 0.5966796875 0.15625 0.34912109375
3 0.20263671875 0.0625 0.0283203125 0.0419921875
5 0.08154296875 0.06689453125 0.0615234375 0.1337890625
0 0.79541015625 0.69482421875 0.283203125 0.36767578125
2 0.912109375 0.74267578125 0.029296875 0.0390625