0 0.11767578125 0.14208984375 0.08740234375 0.17822265625
3 0.12109375 0.0166015625 0.0205078125 0.03125
5 0.25537109375 0.15966796875 0.08935546875 0.1845703125
5 0.51708984375 0.17724609375 0.09814453125 0.2099609375
1 0.84814453125 0.21240234375 0.0380859375 0.05322265625
0 0.26318359375 0.21826171875 0.13330078125 0.203125
0 0.517578125 0.2412109375 0.13232421875 0.19921875
1 0.41552734375 0.2529296875 0.05029296875 0.0634765625
2 0.31103515625 0.2705078125 0.02099609375 0.02099609375
2 0.56201171875 0.2900390625 0.0205078125 0.017578125
5 0.82568359375 0.30517578125 0.12353515625 0.23828125
5 0.38916015625 0.3505859375 0.12353515625 0.25927734375
0 0.82275390625 0.3818359375 0.1669921875 0.23388671875
4 0.86181640625 0.03955078125 0.06591796875 0.0791015625
2 0.88720703125 0.39794921875 0.02197265625 0.01953125
0 0.390625 0.3994140625 0.197265625 0.1845703125
3 0.271484375 0.0859375 0.029296875 0.0380859375
5 0.11181640625 0.091796875 0.07470703125 0.181640625
1 0.54052734375 0.09521484375 0.03173828125 0.04736328125