0 0.47119140625 0.13720703125 0.08935546875 0.1494140625
2 0.50048828125 0.15234375 0.01806640625 0.015625
5 0.05126953125 0.15966796875 0.08447265625 0.2158203125
5 0.29052734375 0.1630859375 0.08740234375 0.2060546875
5 0.322265625 0.1728515625 0.083984375 0.201171875
0 0.29541015625 0.22314453125 0.1259765625 0.18994140625
0 0.064453125 0.2236328125 0.11962890625 0.2021484375
2 0.0986328125 0.23193359375 0.0234375 0.0205078125
2 0.3427734375 0.23388671875 0.02099609375 0.0205078125
1 0.7841796875 0.24609375 0.0439453125 0.06005859375
3 0.494140625 0.02490234375 0.02099609375 0.03955078125
3 0.47998046875 0.0283203125 0.01708984375 0.03466796875
2 0.22509765625 0.029296875 0.0146484375 0.0146484375
5 0.75244140625 0.3544921875 0.1240234375 0.279296875
4 0.86328125 0.041015625 0.06884765625 0.0751953125
0 0.74560546875 0.4287109375 0.18505859375 0.24560546875
2 0.81884765625 0.44482421875 0.02197265625 0.02490234375
0 0.2021484375 0.04736328125 0.07421875 0.0947265625
0 0.10791015625 0.05517578125 0.07568359375 0.10986328125
2 0.1298828125 0.06591796875 0.01708984375 0.01513671875
1 0.06787109375 0.07666015625 0.033203125 0.048828125
3 0.31298828125 0.08154296875 0.025390625 0.04248046875
3 0.34619140625 0.09130859375 0.0244140625 0.04150390625
5 0.4833984375 0.091796875 0.078125 0.17626953125
5 0.4609375 0.0947265625 0.05419921875 0.1669921875