3 0.400390625 0.115234375 0.02294921875 0.04248046875
0 0.50537109375 0.15869140625 0.0927734375 0.1640625
2 0.53857421875 0.17333984375 0.017578125 0.01513671875
5 0.0869140625 0.17724609375 0.0947265625 0.2265625
5 0.3466796875 0.1845703125 0.08154296875 0.20361328125
5 0.37646484375 0.19482421875 0.09326171875 0.20166015625
0 0.10009765625 0.24169921875 0.1259765625 0.21484375
0 0.345703125 0.25048828125 0.13427734375 0.20263671875
2 0.13720703125 0.25634765625 0.02490234375 0.021484375
2 0.396484375 0.26513671875 0.021484375 0.0185546875
1 0.88232421875 0.2890625 0.04296875 0.0595703125
5 0.849609375 0.39501953125 0.12646484375 0.27001953125
4 0.86376953125 0.0400390625 0.0634765625 0.07958984375
2 0.25634765625 0.04541015625 0.0185546875 0.0146484375
0 0.84033203125 0.48046875 0.2060546875 0.2705078125
2 0.92041015625 0.50634765625 0.0205078125 0.02392578125
0 0.23291015625 0.0556640625 0.07666015625 0.111328125
0 0.12451171875 0.05859375 0.0771484375 0.11669921875
2 0.1474609375 0.0751953125 0.0166015625 0.01318359375
1 0.107421875 0.08984375 0.0380859375 0.05224609375
3 0.36474609375 0.10595703125 0.02685546875 0.04443359375