0 0.482421875 0.40380859375 0.17431640625 0.2421875
5 0.48583984375 0.3203125 0.1201171875 0.22216796875
3 0.5107421875 0.23486328125 0.03515625 0.0517578125
2 0.55126953125 0.48388671875 0.02783203125 0.0283203125
0 0.78173828125 0.51171875 0.22265625 0.29345703125
5 0.78662109375 0.42578125 0.1318359375 0.2724609375
1 0.8095703125 0.3193359375 0.0478515625 0.06103515625
0 0.619140625 0.37158203125 0.14599609375 0.2470703125
5 0.61328125 0.2802734375 0.10498046875 0.1982421875
1 0.6357421875 0.21240234375 0.0390625 0.06103515625
2 0.669921875 0.435546875 0.02001953125 0.02294921875
0 0.84765625 0.3291015625 0.15087890625 0.20361328125
5 0.85595703125 0.24267578125 0.09912109375 0.18603515625
2 0.91015625 0.34619140625 0.01806640625 0.02099609375
1 0.87890625 0.17529296875 0.0380859375 0.0498046875
0 0.099609375 0.27978515625 0.13427734375 0.21875
5 0.095703125 0.18310546875 0.10546875 0.18701171875
1 0.11572265625 0.11669921875 0.03955078125 0.05322265625
2 0.13916015625 0.29150390625 0.0224609375 0.01904296875
4 0.7158203125 0.06640625 0.06689453125 0.12890625