3 0.27783203125 0.1259765625 0.0361328125 0.05029296875
0 0.5078125 0.13720703125 0.0849609375 0.1513671875
0 0.3759765625 0.14453125 0.0625 0.1552734375
2 0.53857421875 0.14892578125 0.02099609375 0.015625
5 0.66943359375 0.16455078125 0.08740234375 0.18115234375
3 0.38037109375 0.021484375 0.0205078125 0.0361328125
0 0.67138671875 0.20654296875 0.11669921875 0.17138671875
5 0.2607421875 0.21240234375 0.09033203125 0.22265625
2 0.71044921875 0.267578125 0.01953125 0.02001953125
0 0.26171875 0.2744140625 0.15966796875 0.21533203125
2 0.32177734375 0.283203125 0.0224609375 0.0224609375
5 0.50244140625 0.080078125 0.060546875 0.15576171875
5 0.3740234375 0.0888671875 0.06787109375 0.17041015625
5 0.5263671875 0.09375 0.076171875 0.14990234375
1 0.6796875 0.09423828125 0.03076171875 0.04150390625