0 0.373046875 0.3310546875 0.18017578125 0.22412109375
5 0.375 0.26708984375 0.10693359375 0.25
1 0.3994140625 0.17333984375 0.04443359375 0.056640625
2 0.4453125 0.341796875 0.0234375 0.02490234375
0 0.572265625 0.17431640625 0.09423828125 0.15576171875
5 0.56591796875 0.1142578125 0.06298828125 0.16259765625
3 0.58349609375 0.0517578125 0.02197265625 0.0390625
0 0.76220703125 0.25 0.1259765625 0.1572265625
5 0.7568359375 0.1884765625 0.095703125 0.150390625
1 0.77734375 0.13623046875 0.0390625 0.0458984375
0 0.04736328125 0.23974609375 0.0947265625 0.166015625
2 0.076171875 0.26904296875 0.02294921875 0.02392578125
5 0.029296875 0.150390625 0.05859375 0.19677734375
3 0.03271484375 0.07470703125 0.02294921875 0.0458984375
5 0.04833984375 0.15625 0.09375 0.1787109375
3 0.068359375 0.09228515625 0.029296875 0.05029296875