3 0.1533203125 0.11669921875 0.0263671875 0.04150390625
0 0.40673828125 0.13232421875 0.0947265625 0.15966796875
4 0.8076171875 0.1328125 0.1083984375 0.2060546875
4 0.9658203125 0.15478515625 0.06787109375 0.18798828125
1 0.4140625 0.0166015625 0.02490234375 0.03271484375
2 0.43798828125 0.16748046875 0.0185546875 0.01513671875
5 0.1416015625 0.208984375 0.1025390625 0.2275390625
0 0.1513671875 0.27294921875 0.142578125 0.23095703125
2 0.20068359375 0.326171875 0.0263671875 0.02783203125
5 0.4033203125 0.07958984375 0.072265625 0.1591796875
4 0.8916015625 0.10400390625 0.08935546875 0.1826171875