0 0.45947265625 0.36572265625 0.1611328125 0.2265625
5 0.4482421875 0.2841796875 0.0947265625 0.24169921875
3 0.46875 0.1923828125 0.03857421875 0.0556640625
5 0.482421875 0.30810546875 0.12060546875 0.2236328125
3 0.51025390625 0.22314453125 0.03125 0.0546875
2 0.5185546875 0.455078125 0.02197265625 0.02490234375
0 0.7333984375 0.234375 0.13525390625 0.18603515625
5 0.73388671875 0.17578125 0.07275390625 0.166015625
3 0.75439453125 0.11279296875 0.03173828125 0.04150390625
5 0.76953125 0.17431640625 0.08203125 0.146484375
3 0.7890625 0.1171875 0.0302734375 0.02880859375
2 0.7890625 0.26416015625 0.0185546875 0.01806640625
0 0.29150390625 0.07421875 0.07373046875 0.12841796875
2 0.3154296875 0.0986328125 0.015625 0.0126953125