0 0.05126953125 0.14697265625 0.099609375 0.17919921875
3 0.0517578125 0.01513671875 0.0205078125 0.0302734375
1 0.4248046875 0.173828125 0.0419921875 0.06005859375
2 0.083984375 0.20361328125 0.0146484375 0.0185546875
5 0.40576171875 0.26611328125 0.11083984375 0.2431640625
3 0.07958984375 0.03369140625 0.0234375 0.03857421875
0 0.41064453125 0.3427734375 0.16015625 0.24951171875
2 0.4677734375 0.40478515625 0.0234375 0.0234375
4 0.61669921875 0.05029296875 0.07861328125 0.1005859375
4 0.73974609375 0.06640625 0.08447265625 0.13232421875
5 0.03955078125 0.09521484375 0.07080078125 0.1904296875
5 0.0615234375 0.0986328125 0.0849609375 0.16796875