5 0.10302734375 0.1142578125 0.07177734375 0.19287109375
5 0.12890625 0.134765625 0.09033203125 0.19091796875
0 0.11669921875 0.181640625 0.1064453125 0.19091796875
1 0.591796875 0.25146484375 0.0439453125 0.06103515625
3 0.12060546875 0.03662109375 0.02294921875 0.03759765625
5 0.5732421875 0.3642578125 0.1162109375 0.28564453125
0 0.57568359375 0.439453125 0.18603515625 0.28369140625
4 0.6318359375 0.04443359375 0.07470703125 0.0888671875
2 0.6435546875 0.509765625 0.0244140625 0.025390625
0 0.37353515625 0.0625 0.083984375 0.12451171875
3 0.15087890625 0.06298828125 0.0263671875 0.04638671875
2 0.40673828125 0.07666015625 0.0146484375 0.01318359375