4 0.8740234375 0.11767578125 0.11376953125 0.19921875
4 0.65478515625 0.06787109375 0.08642578125 0.1357421875
4 0.73779296875 0.04833984375 0.0693359375 0.09619140625
0 0.67919921875 0.298828125 0.12109375 0.2109375
5 0.69384765625 0.2421875 0.095703125 0.21337890625
5 0.67138671875 0.23095703125 0.0771484375 0.203125
2 0.7197265625 0.3583984375 0.0234375 0.02490234375
3 0.7158203125 0.15625 0.025390625 0.041015625
3 0.6953125 0.14892578125 0.02294921875 0.0380859375
0 0.38525390625 0.2353515625 0.11083984375 0.2060546875
5 0.384765625 0.1728515625 0.09912109375 0.197265625
3 0.40625 0.0927734375 0.0224609375 0.0380859375
2 0.4208984375 0.283203125 0.02392578125 0.02783203125