0 0.54638671875 0.14697265625 0.095703125 0.1533203125
2 0.58056640625 0.150390625 0.0166015625 0.015625
5 0.11767578125 0.181640625 0.09375 0.22509765625
5 0.1611328125 0.18798828125 0.1162109375 0.1953125
0 0.1337890625 0.25 0.1435546875 0.220703125
3 0.7841796875 0.27490234375 0.0322265625 0.05712890625
2 0.18310546875 0.30712890625 0.02294921875 0.021484375
1 0.560546875 0.0322265625 0.029296875 0.03759765625
5 0.74755859375 0.375 0.13134765625 0.2578125
0 0.74609375 0.45654296875 0.185546875 0.2646484375
2 0.82080078125 0.533203125 0.0263671875 0.02978515625
4 0.6259765625 0.05908203125 0.08984375 0.11767578125
4 0.8623046875 0.072265625 0.07861328125 0.14453125
5 0.544921875 0.0966796875 0.07421875 0.1669921875
1 0.14013671875 0.10009765625 0.03515625 0.06005859375
3 0.1796875 0.11279296875 0.0263671875 0.04443359375