0 0.4267578125 0.2646484375 0.1181640625 0.201171875
5 0.42724609375 0.18408203125 0.1005859375 0.17431640625
3 0.4501953125 0.115234375 0.0283203125 0.03955078125
2 0.466796875 0.31787109375 0.0234375 0.02490234375
0 0.75048828125 0.34521484375 0.13330078125 0.2236328125
5 0.74755859375 0.27294921875 0.0791015625 0.2197265625
3 0.7734375 0.1904296875 0.02978515625 0.05078125
5 0.76904296875 0.27734375 0.1015625 0.208984375
3 0.79638671875 0.19873046875 0.02587890625 0.046875
2 0.7978515625 0.41015625 0.0234375 0.02294921875
4 0.9423828125 0.17333984375 0.115234375 0.21875
4 0.8046875 0.091796875 0.10546875 0.18359375
4 0.59912109375 0.05810546875 0.0791015625 0.1162109375
4 0.6923828125 0.04150390625 0.06689453125 0.0830078125