1 0.39501953125 0.14892578125 0.0302734375 0.04736328125
3 0.423828125 0.1650390625 0.02685546875 0.04541015625
5 0.3623046875 0.22509765625 0.10009765625 0.2001953125
5 0.3935546875 0.23046875 0.09619140625 0.17626953125
0 0.36181640625 0.29345703125 0.14306640625 0.2216796875
2 0.41357421875 0.35595703125 0.0234375 0.029296875
1 0.68798828125 0.3994140625 0.06494140625 0.08837890625
5 0.66064453125 0.49755859375 0.146484375 0.28662109375
0 0.6630859375 0.62548828125 0.2080078125 0.3505859375
2 0.74267578125 0.71826171875 0.02978515625 0.03466796875
4 0.84716796875 0.08984375 0.095703125 0.1796875