1 0.3525390625 0.1279296875 0.03076171875 0.046875
3 0.38330078125 0.1455078125 0.02734375 0.04345703125
5 0.3212890625 0.2099609375 0.09912109375 0.208984375
5 0.3466796875 0.220703125 0.10498046875 0.1943359375
0 0.3251953125 0.2705078125 0.13134765625 0.21923828125
2 0.37158203125 0.33203125 0.02294921875 0.0263671875
1 0.63134765625 0.37060546875 0.05712890625 0.0830078125
5 0.59814453125 0.44970703125 0.13916015625 0.24072265625
0 0.61181640625 0.5810546875 0.18994140625 0.3310546875
2 0.68115234375 0.67724609375 0.0283203125 0.03466796875
4 0.91650390625 0.1083984375 0.12255859375 0.216796875