0 0.69091796875 0.51220703125 0.13330078125 0.26318359375
5 0.666015625 0.3916015625 0.072265625 0.25927734375
3 0.68017578125 0.2890625 0.04150390625 0.05712890625
5 0.69189453125 0.4130859375 0.12548828125 0.2587890625
3 0.72900390625 0.31689453125 0.0537109375 0.0615234375
2 0.72509765625 0.56201171875 0.02783203125 0.025390625
0 0.81103515625 0.47607421875 0.12255859375 0.25732421875
5 0.7919921875 0.357421875 0.08251953125 0.22412109375
3 0.8095703125 0.2822265625 0.0419921875 0.07373046875
5 0.82763671875 0.37548828125 0.107421875 0.18994140625
3 0.8564453125 0.302734375 0.03662109375 0.05029296875
2 0.853515625 0.49560546875 0.0302734375 0.0234375