5 0.16064453125 0.1181640625 0.05322265625 0.16943359375
5 0.10546875 0.203125 0.099609375 0.23095703125
2 0.19287109375 0.2265625 0.021484375 0.01806640625
0 0.18310546875 0.23828125 0.0556640625 0.130859375
0 0.1171875 0.27734375 0.12841796875 0.20166015625
2 0.15966796875 0.28466796875 0.029296875 0.02783203125
1 0.72265625 0.287109375 0.046875 0.05859375
5 0.69091796875 0.39111328125 0.13037109375 0.26806640625
0 0.6796875 0.47705078125 0.2314453125 0.2900390625
2 0.77197265625 0.5087890625 0.02294921875 0.02392578125
4 0.78076171875 0.05322265625 0.08740234375 0.1064453125
1 0.16259765625 0.05712890625 0.0341796875 0.0458984375
1 0.11962890625 0.11083984375 0.03369140625 0.04541015625