3 0.63671875 0.11865234375 0.0234375 0.04150390625
5 0.70263671875 0.16357421875 0.06640625 0.1328125
5 0.62255859375 0.18896484375 0.091796875 0.18115234375
1 0.4462890625 0.1923828125 0.0322265625 0.05029296875
3 0.48291015625 0.2080078125 0.03076171875 0.0458984375
0 0.62353515625 0.2412109375 0.12109375 0.19287109375
0 0.7119140625 0.24169921875 0.095703125 0.19140625
2 0.74755859375 0.25830078125 0.0205078125 0.02197265625
5 0.4140625 0.29052734375 0.1103515625 0.24462890625
2 0.66552734375 0.29296875 0.01953125 0.0166015625
5 0.453125 0.3056640625 0.11474609375 0.24169921875
1 0.7490234375 0.3154296875 0.05419921875 0.06591796875
3 0.60546875 0.32080078125 0.04443359375 0.06005859375
0 0.4169921875 0.3544921875 0.17919921875 0.24072265625
3 0.6455078125 0.3583984375 0.0419921875 0.056640625
2 0.48779296875 0.390625 0.0234375 0.02685546875
5 0.56689453125 0.4013671875 0.12451171875 0.2197265625
5 0.72705078125 0.41650390625 0.119140625 0.26806640625
5 0.59765625 0.44677734375 0.138671875 0.23291015625
0 0.74560546875 0.51416015625 0.1552734375 0.3017578125
0 0.5712890625 0.515625 0.18701171875 0.2880859375
2 0.7958984375 0.59619140625 0.0263671875 0.0361328125
4 0.595703125 0.06005859375 0.142578125 0.1201171875
2 0.6357421875 0.6220703125 0.0322265625 0.03466796875