1 0.11572265625 0.1220703125 0.0322265625 0.05126953125
1 0.79638671875 0.16015625 0.02685546875 0.04931640625
5 0.103515625 0.21142578125 0.09228515625 0.22998046875
5 0.7939453125 0.21923828125 0.04736328125 0.1708984375
0 0.11376953125 0.27978515625 0.11669921875 0.21533203125
2 0.14990234375 0.294921875 0.0244140625 0.02099609375
0 0.80517578125 0.341796875 0.072265625 0.1484375
2 0.8203125 0.357421875 0.021484375 0.02294921875
1 0.8701171875 0.38720703125 0.04345703125 0.06591796875
3 0.92578125 0.4189453125 0.03564453125 0.0615234375
5 0.83251953125 0.50927734375 0.13427734375 0.30810546875
5 0.89501953125 0.52978515625 0.1328125 0.28125
0 0.82470703125 0.5908203125 0.2490234375 0.31787109375
2 0.9267578125 0.64306640625 0.0244140625 0.03173828125