3 0.27783203125 0.12451171875 0.02587890625 0.041015625
0 0.5166015625 0.14013671875 0.09423828125 0.1591796875
0 0.43408203125 0.14794921875 0.10302734375 0.173828125
2 0.546875 0.158203125 0.01953125 0.01953125
2 0.46728515625 0.18603515625 0.017578125 0.01513671875
5 0.22216796875 0.20068359375 0.09033203125 0.22119140625
1 0.52392578125 0.2041015625 0.044921875 0.05908203125
3 0.39990234375 0.208984375 0.0322265625 0.0556640625
5 0.25927734375 0.2109375 0.09326171875 0.21240234375
3 0.43408203125 0.2373046875 0.0361328125 0.05615234375
0 0.22802734375 0.25732421875 0.14697265625 0.212890625
2 0.28466796875 0.2841796875 0.02294921875 0.021484375
5 0.5068359375 0.30029296875 0.09375 0.2509765625
5 0.36669921875 0.30078125 0.111328125 0.23876953125
5 0.3896484375 0.34423828125 0.1318359375 0.271484375
0 0.37890625 0.37255859375 0.16259765625 0.2255859375
0 0.5205078125 0.3779296875 0.12646484375 0.26025390625
1 0.90966796875 0.41455078125 0.0556640625 0.07568359375
2 0.5576171875 0.44677734375 0.025390625 0.029296875
5 0.85888671875 0.54736328125 0.15673828125 0.34130859375
0 0.85205078125 0.6513671875 0.2529296875 0.33349609375
2 0.95751953125 0.68994140625 0.0322265625 0.04345703125
4 0.75390625 0.099609375 0.134765625 0.19873046875
1 0.24951171875 0.11181640625 0.02783203125 0.04345703125