0 0.29345703125 0.2939453125 0.14501953125 0.22265625
5 0.28564453125 0.220703125 0.103515625 0.25048828125
1 0.3115234375 0.123046875 0.03759765625 0.056640625
2 0.34619140625 0.31103515625 0.02685546875 0.025390625
0 0.1591796875 0.3095703125 0.1396484375 0.22705078125
5 0.15869140625 0.2353515625 0.1123046875 0.23095703125
3 0.18798828125 0.1455078125 0.02880859375 0.04931640625
2 0.2119140625 0.3232421875 0.02978515625 0.025390625
0 0.08740234375 0.17724609375 0.0751953125 0.12548828125
2 0.10791015625 0.1884765625 0.01806640625 0.02197265625
5 0.07568359375 0.064453125 0.060546875 0.1279296875
1 0.07763671875 0.01953125 0.0283203125 0.0380859375
0 0.02685546875 0.20703125 0.05078125 0.126953125
2 0.03271484375 0.22265625 0.02197265625 0.0234375
5 0.0244140625 0.12939453125 0.04833984375 0.1806640625
3 0.0322265625 0.0576171875 0.025390625 0.037109375