0 0.90625 0.77099609375 0.18701171875 0.38525390625
5 0.92626953125 0.662109375 0.1474609375 0.3193359375
1 0.97900390625 0.54248046875 0.0419921875 0.078125
0 0.68603515625 0.43115234375 0.2041015625 0.26123046875
5 0.68603515625 0.35400390625 0.1171875 0.2568359375
3 0.71728515625 0.2529296875 0.03271484375 0.0537109375
2 0.7724609375 0.4609375 0.0283203125 0.03173828125
0 0.3779296875 0.34326171875 0.1640625 0.25146484375
5 0.39892578125 0.27734375 0.1123046875 0.23388671875
5 0.3681640625 0.26123046875 0.09326171875 0.23388671875
1 0.42236328125 0.1845703125 0.03857421875 0.04931640625
1 0.3974609375 0.17138671875 0.0341796875 0.05322265625
2 0.4375 0.4091796875 0.025390625 0.0302734375