5 0.0458984375 0.12353515625 0.08154296875 0.1953125
5 0.06884765625 0.130859375 0.10205078125 0.18994140625
1 0.24853515625 0.15869140625 0.0361328125 0.05322265625
5 0.31005859375 0.181640625 0.08544921875 0.2021484375
0 0.05712890625 0.1845703125 0.1142578125 0.197265625
2 0.09814453125 0.2333984375 0.02392578125 0.025390625
5 0.22607421875 0.251953125 0.09423828125 0.2392578125
0 0.32666015625 0.25390625 0.12890625 0.2060546875
2 0.37744140625 0.2734375 0.0224609375 0.0234375
0 0.23876953125 0.3212890625 0.15185546875 0.2421875
2 0.29150390625 0.37841796875 0.025390625 0.0244140625
1 0.064453125 0.04736328125 0.029296875 0.04150390625
1 0.099609375 0.05615234375 0.03125 0.04150390625
3 0.3310546875 0.10400390625 0.02685546875 0.046875