0 0.27197265625 0.24072265625 0.14306640625 0.1953125
5 0.25732421875 0.169921875 0.09814453125 0.2109375
3 0.283203125 0.08740234375 0.02734375 0.0458984375
2 0.330078125 0.25341796875 0.02197265625 0.02392578125
0 0.17041015625 0.2880859375 0.1416015625 0.23193359375
5 0.16015625 0.22265625 0.09326171875 0.23046875
1 0.1796875 0.13134765625 0.037109375 0.048828125
2 0.2216796875 0.33984375 0.02490234375 0.0224609375
0 0.03369140625 0.20166015625 0.06689453125 0.1240234375
5 0.03759765625 0.09814453125 0.07421875 0.14013671875
5 0.02099609375 0.09423828125 0.04052734375 0.1572265625
1 0.02490234375 0.0341796875 0.02734375 0.037109375
3 0.05322265625 0.044921875 0.021484375 0.03271484375
2 0.05419921875 0.21435546875 0.025390625 0.0244140625