0 0.6806640625 0.5927734375 0.21044921875 0.34033203125
5 0.66796875 0.49169921875 0.14306640625 0.2900390625
1 0.7099609375 0.38232421875 0.05224609375 0.06982421875
2 0.7607421875 0.6748046875 0.03076171875 0.03564453125
0 0.5625 0.369140625 0.19140625 0.240234375
5 0.5615234375 0.2939453125 0.11083984375 0.24609375
3 0.59375 0.19775390625 0.0322265625 0.05419921875
2 0.64208984375 0.39306640625 0.02490234375 0.02587890625
0 0.28125 0.2919921875 0.14794921875 0.23779296875
5 0.29638671875 0.234375 0.1220703125 0.23095703125
5 0.2724609375 0.2265625 0.08642578125 0.23876953125
1 0.2978515625 0.130859375 0.03515625 0.04736328125
3 0.32861328125 0.1416015625 0.029296875 0.04541015625
2 0.3310546875 0.35400390625 0.02392578125 0.0322265625