5 0.037109375 0.12939453125 0.0712890625 0.15283203125
1 0.43505859375 0.2158203125 0.0458984375 0.0546875
2 0.0625 0.21923828125 0.025390625 0.02294921875
0 0.04296875 0.2275390625 0.0830078125 0.14501953125
5 0.4111328125 0.3056640625 0.1259765625 0.23388671875
0 0.41162109375 0.3720703125 0.16796875 0.2275390625
2 0.47802734375 0.40478515625 0.0283203125 0.02783203125
1 0.01904296875 0.06689453125 0.0322265625 0.04931640625
0 0.3369140625 0.06884765625 0.08251953125 0.12255859375
3 0.03857421875 0.07470703125 0.0302734375 0.04296875
2 0.36767578125 0.076171875 0.01611328125 0.01611328125
5 0.02001953125 0.10888671875 0.0380859375 0.1357421875