0 0.859375 0.16796875 0.1103515625 0.146484375
1 0.94482421875 0.27587890625 0.041015625 0.06103515625
1 0.97314453125 0.283203125 0.03857421875 0.06298828125
3 0.6435546875 0.3544921875 0.02978515625 0.05859375
3 0.7138671875 0.36279296875 0.04638671875 0.06884765625
3 0.65966796875 0.3642578125 0.0390625 0.06494140625
5 0.90673828125 0.375 0.123046875 0.25830078125
5 0.9462890625 0.37890625 0.10693359375 0.25146484375
5 0.61376953125 0.43603515625 0.140625 0.22509765625
0 0.8994140625 0.45263671875 0.20068359375 0.25390625
5 0.6357421875 0.46630859375 0.09912109375 0.26025390625
5 0.67919921875 0.48095703125 0.12841796875 0.302734375
2 0.9833984375 0.48291015625 0.02294921875 0.02734375
1 0.85693359375 0.0546875 0.0244140625 0.04150390625
0 0.62109375 0.55810546875 0.21142578125 0.3017578125
2 0.708984375 0.59521484375 0.03173828125 0.03759765625
4 0.80615234375 0.076171875 0.0771484375 0.15234375
5 0.8544921875 0.11181640625 0.06640625 0.15380859375