0 0.95068359375 0.32861328125 0.0986328125 0.19140625
4 0.7900390625 0.064453125 0.09033203125 0.12841796875
0 0.5146484375 0.22607421875 0.12548828125 0.1904296875
5 0.5302734375 0.169921875 0.08544921875 0.208984375
5 0.505859375 0.16455078125 0.08056640625 0.1884765625
2 0.55859375 0.2412109375 0.0234375 0.01953125
3 0.55322265625 0.0888671875 0.02392578125 0.046875
1 0.53466796875 0.08837890625 0.02294921875 0.03662109375
0 0.04443359375 0.232421875 0.087890625 0.16650390625
5 0.04638671875 0.16943359375 0.08203125 0.21435546875
3 0.0595703125 0.0791015625 0.02392578125 0.0341796875
5 0.0234375 0.14697265625 0.04638671875 0.1640625
3 0.0224609375 0.083984375 0.029296875 0.03759765625
3 0.0693359375 0.23193359375 0.01953125 0.025390625