1 0.73486328125 0.173828125 0.03662109375 0.05224609375
3 0.76416015625 0.18310546875 0.0302734375 0.052734375
3 0.376953125 0.2001953125 0.03662109375 0.05322265625
3 0.3310546875 0.20166015625 0.037109375 0.05126953125
5 0.7333984375 0.27294921875 0.09619140625 0.232421875
5 0.7001953125 0.2734375 0.1064453125 0.2509765625
5 0.3046875 0.30322265625 0.1083984375 0.25390625
5 0.3544921875 0.30419921875 0.1005859375 0.26025390625
0 0.7001953125 0.33544921875 0.162109375 0.22607421875
2 0.7626953125 0.35888671875 0.0244140625 0.02490234375
0 0.31640625 0.36572265625 0.162109375 0.23583984375
2 0.3798828125 0.39306640625 0.029296875 0.0283203125