5 0.0224609375 0.11376953125 0.0419921875 0.14990234375
5 0.046875 0.1279296875 0.06640625 0.1474609375
0 0.29052734375 0.15087890625 0.0703125 0.17578125
2 0.3076171875 0.16162109375 0.0205078125 0.017578125
0 0.03955078125 0.2021484375 0.0791015625 0.17822265625
2 0.0634765625 0.24658203125 0.0263671875 0.03125
1 0.83837890625 0.345703125 0.05029296875 0.064453125
3 0.31005859375 0.041015625 0.02880859375 0.0419921875
5 0.81201171875 0.44580078125 0.126953125 0.26611328125
4 0.60546875 0.048828125 0.07666015625 0.09716796875
4 0.7060546875 0.0517578125 0.076171875 0.1005859375
5 0.7880859375 0.51025390625 0.1484375 0.21337890625
1 0.8837890625 0.529296875 0.06591796875 0.08935546875
3 0.01611328125 0.0615234375 0.02294921875 0.04345703125
5 0.837890625 0.66748046875 0.1708984375 0.36767578125
3 0.05419921875 0.07568359375 0.02490234375 0.04296875
0 0.8349609375 0.77197265625 0.26806640625 0.39599609375
2 0.94677734375 0.8212890625 0.03662109375 0.0478515625
5 0.29833984375 0.10595703125 0.0615234375 0.1708984375