1 0.3408203125 0.12451171875 0.03759765625 0.05224609375
5 0.96728515625 0.14013671875 0.041015625 0.15673828125
0 0.95751953125 0.18115234375 0.0849609375 0.1279296875
5 0.3271484375 0.21484375 0.0986328125 0.232421875
0 0.3349609375 0.26904296875 0.14453125 0.205078125
1 0.47705078125 0.28271484375 0.0537109375 0.0771484375
5 0.4404296875 0.36474609375 0.13720703125 0.2392578125
0 0.453125 0.43408203125 0.19482421875 0.197265625
2 0.52587890625 0.50830078125 0.03466796875 0.03564453125
0 0.2021484375 0.06201171875 0.06640625 0.1240234375
2 0.216796875 0.06298828125 0.0185546875 0.01611328125
4 0.87939453125 0.0654296875 0.08203125 0.130859375
3 0.96630859375 0.07763671875 0.01904296875 0.03173828125