0 0.59326171875 0.56591796875 0.21142578125 0.34033203125
5 0.58203125 0.43798828125 0.1416015625 0.23046875
1 0.61767578125 0.35986328125 0.056640625 0.072265625
2 0.67431640625 0.61328125 0.03466796875 0.03759765625
0 0.5009765625 0.35595703125 0.1689453125 0.23095703125
5 0.4921875 0.29150390625 0.1064453125 0.25244140625
1 0.51025390625 0.193359375 0.044921875 0.056640625
4 0.904296875 0.10107421875 0.0966796875 0.1689453125
4 0.80859375 0.0966796875 0.09375 0.17333984375
0 0.23779296875 0.09375 0.06640625 0.1484375
2 0.251953125 0.099609375 0.017578125 0.0146484375