5 0.04296875 0.11962890625 0.07861328125 0.1787109375
5 0.603515625 0.1513671875 0.08447265625 0.18603515625
0 0.05859375 0.1845703125 0.11669921875 0.18994140625
0 0.5791015625 0.19287109375 0.0830078125 0.138671875
2 0.1015625 0.220703125 0.02001953125 0.02001953125
3 0.9326171875 0.25146484375 0.0341796875 0.05615234375
5 0.9052734375 0.33984375 0.10546875 0.234375
0 0.9111328125 0.41455078125 0.12890625 0.23828125
2 0.96044921875 0.43359375 0.0224609375 0.02294921875
1 0.6474609375 0.45068359375 0.05712890625 0.07861328125
3 0.70849609375 0.47705078125 0.0458984375 0.0673828125
5 0.62353515625 0.50830078125 0.130859375 0.19482421875
1 0.05517578125 0.05126953125 0.03076171875 0.04150390625
5 0.67333984375 0.57080078125 0.162109375 0.25537109375
0 0.65234375 0.671875 0.1884765625 0.33447265625
2 0.70947265625 0.73681640625 0.03955078125 0.04248046875
1 0.626953125 0.08056640625 0.029296875 0.0439453125