2 0.3603515625 0.11669921875 0.01806640625 0.0185546875
1 0.52880859375 0.119140625 0.04150390625 0.060546875
5 0.30322265625 0.15478515625 0.09521484375 0.20947265625
5 0.1337890625 0.1748046875 0.08984375 0.2001953125
1 0.24072265625 0.193359375 0.04638671875 0.06884765625
5 0.51171875 0.1982421875 0.0966796875 0.216796875
0 0.31201171875 0.21826171875 0.12646484375 0.19287109375
2 0.361328125 0.2236328125 0.021484375 0.0224609375
0 0.142578125 0.24365234375 0.11865234375 0.17431640625
0 0.5146484375 0.26416015625 0.1533203125 0.21337890625
5 0.22509765625 0.29296875 0.123046875 0.26953125
2 0.5751953125 0.3095703125 0.0234375 0.029296875
0 0.22607421875 0.3681640625 0.14306640625 0.2421875
2 0.27392578125 0.390625 0.03076171875 0.0283203125
1 0.3203125 0.07373046875 0.03271484375 0.0498046875
3 0.13916015625 0.0986328125 0.02978515625 0.046875
0 0.3359375 0.1015625 0.0810546875 0.15380859375