0 0.9169921875 0.43505859375 0.166015625 0.2568359375
5 0.93115234375 0.35400390625 0.1123046875 0.2373046875
1 0.95361328125 0.26220703125 0.04150390625 0.0537109375
2 0.98779296875 0.498046875 0.02099609375 0.02490234375
0 0.6279296875 0.427734375 0.19384765625 0.2685546875
5 0.62646484375 0.345703125 0.11669921875 0.27099609375
1 0.66015625 0.240234375 0.04296875 0.05810546875
2 0.70654296875 0.451171875 0.0283203125 0.03564453125
0 0.34423828125 0.27001953125 0.14306640625 0.22021484375
5 0.330078125 0.20849609375 0.09228515625 0.203125
3 0.35498046875 0.12890625 0.029296875 0.0458984375
2 0.39111328125 0.302734375 0.02099609375 0.0234375