0 0.52001953125 0.44921875 0.189453125 0.28564453125
5 0.5126953125 0.373046875 0.134765625 0.2275390625
3 0.5419921875 0.2861328125 0.03662109375 0.052734375
2 0.58447265625 0.552734375 0.029296875 0.029296875
0 0.5625 0.18115234375 0.107421875 0.17529296875
2 0.59521484375 0.2158203125 0.01806640625 0.0185546875
5 0.57421875 0.12841796875 0.0859375 0.17333984375
5 0.55615234375 0.1279296875 0.0634765625 0.1689453125
4 0.6318359375 0.04345703125 0.08203125 0.0869140625
0 0.37060546875 0.13671875 0.08740234375 0.1572265625
5 0.37060546875 0.083984375 0.07958984375 0.1640625
3 0.3837890625 0.01904296875 0.02197265625 0.03515625
2 0.3916015625 0.17236328125 0.02001953125 0.0166015625
0 0.248046875 0.27197265625 0.14794921875 0.25927734375
5 0.248046875 0.2158203125 0.10546875 0.2333984375
3 0.26953125 0.12548828125 0.0380859375 0.0517578125
2 0.3017578125 0.34375 0.02490234375 0.02783203125
0 0.12060546875 0.13818359375 0.10986328125 0.17626953125
5 0.11572265625 0.09033203125 0.08251953125 0.18017578125
2 0.15869140625 0.14501953125 0.02001953125 0.01806640625
0 0.2109375 0.05615234375 0.07177734375 0.11181640625
2 0.2314453125 0.07373046875 0.0166015625 0.01513671875