0 0.08544921875 0.13916015625 0.11279296875 0.16845703125
3 0.62841796875 0.1416015625 0.03125 0.05078125
2 0.123046875 0.1455078125 0.0234375 0.0224609375
1 0.08935546875 0.0146484375 0.0283203125 0.029296875
5 0.34619140625 0.18408203125 0.09814453125 0.2236328125
5 0.60986328125 0.22119140625 0.1044921875 0.20849609375
1 0.96435546875 0.2373046875 0.03076171875 0.04931640625
0 0.34423828125 0.24560546875 0.134765625 0.2060546875
1 0.98828125 0.24609375 0.0234375 0.05078125
2 0.3984375 0.26123046875 0.021484375 0.0205078125
0 0.59619140625 0.27978515625 0.13134765625 0.20849609375
5 0.9326171875 0.3193359375 0.09521484375 0.21484375
1 0.7333984375 0.32666015625 0.0517578125 0.0693359375
2 0.6396484375 0.33251953125 0.02392578125 0.025390625
5 0.94580078125 0.33349609375 0.1083984375 0.22607421875
0 0.923828125 0.39501953125 0.150390625 0.23388671875
5 0.693359375 0.4384765625 0.1533203125 0.29296875
1 0.93310546875 0.5048828125 0.04541015625 0.0693359375
0 0.689453125 0.5205078125 0.21630859375 0.29296875
2 0.7763671875 0.60400390625 0.0244140625 0.041015625
5 0.87939453125 0.62890625 0.18701171875 0.31689453125
0 0.8779296875 0.72998046875 0.24365234375 0.3828125
2 0.97509765625 0.8359375 0.0283203125 0.03173828125
5 0.07373046875 0.09326171875 0.076171875 0.1865234375
1 0.36328125 0.09716796875 0.0341796875 0.048828125