0 0.380859375 0.3662109375 0.16748046875 0.23095703125
5 0.375 0.31640625 0.12109375 0.2392578125
3 0.3955078125 0.21728515625 0.03271484375 0.0400390625
2 0.43798828125 0.4560546875 0.0263671875 0.02734375
0 0.4482421875 0.11572265625 0.083984375 0.1513671875
2 0.47265625 0.1455078125 0.02001953125 0.01904296875
0 0.29345703125 0.087890625 0.07373046875 0.1494140625
2 0.31201171875 0.12060546875 0.01953125 0.01513671875
0 0.09521484375 0.20556640625 0.123046875 0.21435546875
5 0.091796875 0.146484375 0.09423828125 0.21142578125
1 0.1103515625 0.06298828125 0.03369140625 0.04345703125
2 0.13916015625 0.25634765625 0.02392578125 0.025390625
0 0.037109375 0.10107421875 0.07373046875 0.1474609375
0 0.16064453125 0.03955078125 0.0615234375 0.0791015625
2 0.17529296875 0.04248046875 0.01611328125 0.015625
4 0.7587890625 0.068359375 0.09130859375 0.13671875
4 0.6640625 0.06201171875 0.07861328125 0.1201171875