0 0.16357421875 0.1416015625 0.10009765625 0.16357421875
1 0.169921875 0.01953125 0.02294921875 0.037109375
3 0.94287109375 0.19482421875 0.033203125 0.04296875
3 0.3798828125 0.2421875 0.0400390625 0.0615234375
1 0.35595703125 0.2431640625 0.0380859375 0.0654296875
5 0.91650390625 0.24658203125 0.09619140625 0.146484375
3 0.18505859375 0.025390625 0.0205078125 0.037109375
0 0.92041015625 0.32421875 0.13623046875 0.20361328125
5 0.32470703125 0.33447265625 0.09765625 0.25244140625
5 0.36279296875 0.34326171875 0.12841796875 0.26611328125
2 0.97265625 0.37451171875 0.02001953125 0.02783203125
0 0.34423828125 0.388671875 0.189453125 0.189453125
2 0.40771484375 0.4462890625 0.02734375 0.0302734375
5 0.1513671875 0.0849609375 0.06201171875 0.16943359375
5 0.1689453125 0.091796875 0.0830078125 0.17138671875