5 0.05712890625 0.1494140625 0.07861328125 0.21240234375
5 0.0966796875 0.15966796875 0.08251953125 0.20458984375
0 0.07568359375 0.20458984375 0.13037109375 0.18994140625
1 0.6318359375 0.212890625 0.03759765625 0.0546875
2 0.1201171875 0.21728515625 0.0205078125 0.02294921875
3 0.65185546875 0.2275390625 0.03271484375 0.04931640625
5 0.6005859375 0.30224609375 0.10107421875 0.232421875
5 0.6357421875 0.31884765625 0.1142578125 0.2314453125
0 0.60498046875 0.38427734375 0.17724609375 0.255859375
2 0.66552734375 0.45068359375 0.0234375 0.025390625
1 0.07763671875 0.06787109375 0.03125 0.0498046875
3 0.10205078125 0.0771484375 0.02392578125 0.0400390625