0 0.11572265625 0.11474609375 0.0966796875 0.13916015625
3 0.83544921875 0.14892578125 0.0322265625 0.04150390625
2 0.14208984375 0.15478515625 0.01904296875 0.01953125
1 0.271484375 0.2001953125 0.03271484375 0.068359375
3 0.2939453125 0.20068359375 0.037109375 0.0693359375
5 0.81396484375 0.2109375 0.087890625 0.1650390625
0 0.81982421875 0.27880859375 0.12548828125 0.1884765625
5 0.24267578125 0.29150390625 0.09130859375 0.2470703125
5 0.2822265625 0.29541015625 0.111328125 0.25732421875
2 0.8642578125 0.31884765625 0.02001953125 0.0283203125
0 0.2607421875 0.3671875 0.1650390625 0.22802734375
2 0.31982421875 0.39111328125 0.02783203125 0.02587890625
5 0.11767578125 0.07373046875 0.078125 0.14697265625