5 0.37451171875 0.12353515625 0.0625 0.181640625
5 0.40234375 0.1240234375 0.0712890625 0.14501953125
0 0.5185546875 0.125 0.1025390625 0.14990234375
2 0.55712890625 0.12939453125 0.015625 0.015625
1 0.1845703125 0.14404296875 0.0341796875 0.0517578125
1 0.52783203125 0.017578125 0.02685546875 0.03369140625
0 0.38818359375 0.18359375 0.10546875 0.1865234375
5 0.1650390625 0.23876953125 0.11328125 0.2421875
1 0.857421875 0.25341796875 0.0458984375 0.0595703125
3 0.89794921875 0.26513671875 0.0322265625 0.056640625
1 0.53662109375 0.29345703125 0.044921875 0.0625
0 0.171875 0.30322265625 0.1416015625 0.27197265625
5 0.8251953125 0.359375 0.115234375 0.27197265625
5 0.876953125 0.35986328125 0.10009765625 0.24658203125
5 0.50830078125 0.37548828125 0.12353515625 0.2255859375
0 0.82568359375 0.4111328125 0.18408203125 0.22119140625
1 0.86865234375 0.4482421875 0.0517578125 0.07568359375
2 0.90478515625 0.45556640625 0.02197265625 0.0244140625
0 0.51611328125 0.46826171875 0.19091796875 0.255859375
2 0.5888671875 0.51025390625 0.03076171875 0.02783203125
3 0.39111328125 0.05322265625 0.02587890625 0.0419921875
5 0.828125 0.580078125 0.1513671875 0.3408203125
3 0.41455078125 0.068359375 0.0244140625 0.0341796875
0 0.822265625 0.68212890625 0.2470703125 0.35498046875
2 0.9189453125 0.7255859375 0.03076171875 0.0380859375
5 0.51318359375 0.080078125 0.07177734375 0.15771484375