3 0.53662109375 0.1240234375 0.025390625 0.0419921875
5 0.66748046875 0.14404296875 0.07958984375 0.1787109375
1 0.25439453125 0.1796875 0.03759765625 0.05810546875
5 0.494140625 0.18603515625 0.06884765625 0.208984375
5 0.5205078125 0.1923828125 0.08544921875 0.17919921875
0 0.67041015625 0.19580078125 0.11865234375 0.16748046875
2 0.71630859375 0.20703125 0.0185546875 0.01806640625
0 0.50634765625 0.25 0.12060546875 0.21044921875
5 0.2353515625 0.2841796875 0.119140625 0.26953125
0 0.2421875 0.35791015625 0.15869140625 0.2646484375
1 0.68359375 0.37744140625 0.05322265625 0.07275390625
5 0.65283203125 0.4921875 0.13525390625 0.30126953125
0 0.658203125 0.5888671875 0.2158203125 0.3330078125
2 0.7431640625 0.61962890625 0.029296875 0.0322265625
1 0.68505859375 0.07666015625 0.0283203125 0.0439453125
3 0.5146484375 0.10498046875 0.0263671875 0.04736328125