0 0.24267578125 0.1162109375 0.091796875 0.14599609375
3 0.57275390625 0.119140625 0.0322265625 0.044921875
5 0.07861328125 0.18310546875 0.09326171875 0.22705078125
5 0.52392578125 0.1904296875 0.08251953125 0.21337890625
5 0.5595703125 0.19091796875 0.08056640625 0.1884765625
1 0.36328125 0.201171875 0.04248046875 0.05908203125
0 0.0830078125 0.24169921875 0.12158203125 0.244140625
0 0.53076171875 0.2529296875 0.13427734375 0.19384765625
2 0.58251953125 0.2685546875 0.0205078125 0.0205078125
2 0.115234375 0.28369140625 0.02099609375 0.01513671875
5 0.34228515625 0.29638671875 0.10986328125 0.24951171875
1 0.615234375 0.3115234375 0.04736328125 0.06982421875
0 0.35009765625 0.36279296875 0.15087890625 0.24609375
2 0.40576171875 0.38623046875 0.02783203125 0.025390625
5 0.599609375 0.41357421875 0.146484375 0.275390625
2 0.365234375 0.0458984375 0.015625 0.013671875
0 0.5849609375 0.5146484375 0.2001953125 0.31591796875
0 0.33349609375 0.0546875 0.08251953125 0.10888671875
2 0.6650390625 0.54345703125 0.02978515625 0.0302734375
1 0.0947265625 0.0947265625 0.033203125 0.046875
1 0.54638671875 0.11083984375 0.0361328125 0.05517578125