0 0.76416015625 0.45947265625 0.19189453125 0.2626953125
5 0.76123046875 0.3564453125 0.1123046875 0.2509765625
3 0.7998046875 0.27783203125 0.037109375 0.06396484375
5 0.79931640625 0.39404296875 0.1162109375 0.2734375
3 0.83642578125 0.291015625 0.04150390625 0.078125
2 0.84033203125 0.490234375 0.02880859375 0.0302734375
0 0.2529296875 0.2158203125 0.1171875 0.18603515625
5 0.2421875 0.14599609375 0.07080078125 0.18359375
3 0.2587890625 0.076171875 0.02685546875 0.04345703125
5 0.27587890625 0.13330078125 0.095703125 0.14892578125
3 0.283203125 0.078125 0.03076171875 0.04736328125
2 0.29052734375 0.23095703125 0.02099609375 0.0166015625
0 0.18603515625 0.12646484375 0.09033203125 0.134765625
5 0.1875 0.0703125 0.080078125 0.14013671875
1 0.19873046875 0.01611328125 0.03466796875 0.0322265625