0 0.6611328125 0.39501953125 0.17138671875 0.25
5 0.6953125 0.3330078125 0.1015625 0.24169921875
5 0.654296875 0.3173828125 0.107421875 0.25048828125
3 0.69189453125 0.21728515625 0.03125 0.04931640625
3 0.716796875 0.2373046875 0.0283203125 0.05029296875
2 0.72900390625 0.42041015625 0.02587890625 0.02783203125
0 0.1962890625 0.173828125 0.11083984375 0.1875
5 0.21240234375 0.11962890625 0.09423828125 0.181640625
5 0.18505859375 0.11962890625 0.06396484375 0.18212890625
2 0.23046875 0.1904296875 0.0224609375 0.01708984375
3 0.2197265625 0.046875 0.0234375 0.03564453125
3 0.2041015625 0.04541015625 0.02197265625 0.0341796875