1 0.30517578125 0.158203125 0.0380859375 0.0595703125
5 0.15087890625 0.1826171875 0.08740234375 0.22509765625
3 0.58837890625 0.189453125 0.0400390625 0.05615234375
0 0.16162109375 0.24267578125 0.11767578125 0.21142578125
2 0.20166015625 0.25146484375 0.02490234375 0.02294921875
5 0.28564453125 0.2568359375 0.095703125 0.25439453125
5 0.56787109375 0.28857421875 0.10986328125 0.2548828125
0 0.2900390625 0.330078125 0.15966796875 0.2421875
2 0.35400390625 0.34716796875 0.02587890625 0.0283203125
0 0.56689453125 0.357421875 0.154296875 0.26171875
3 0.8232421875 0.36572265625 0.03857421875 0.0625
3 0.87109375 0.38037109375 0.041015625 0.06396484375
2 0.62841796875 0.3828125 0.02490234375 0.02734375
0 0.05810546875 0.04443359375 0.072265625 0.0888671875
5 0.7861328125 0.4833984375 0.13427734375 0.29638671875
5 0.84765625 0.49365234375 0.16455078125 0.28955078125
0 0.78466796875 0.5693359375 0.22216796875 0.30712890625
2 0.8720703125 0.61181640625 0.02880859375 0.02685546875
0 0.23291015625 0.0859375 0.0888671875 0.14599609375
2 0.26025390625 0.0927734375 0.0185546875 0.01318359375
1 0.1650390625 0.0947265625 0.03466796875 0.048828125