5 0.0556640625 0.1376953125 0.0830078125 0.2021484375
5 0.349609375 0.166015625 0.09130859375 0.216796875
0 0.0615234375 0.17529296875 0.11279296875 0.15478515625
3 0.48974609375 0.18701171875 0.029296875 0.04833984375
5 0.1376953125 0.1875 0.09326171875 0.22509765625
3 0.5185546875 0.1953125 0.03125 0.0478515625
0 0.35009765625 0.234375 0.11767578125 0.19140625
2 0.3955078125 0.23876953125 0.0234375 0.021484375
0 0.14453125 0.255859375 0.14453125 0.208984375
2 0.203125 0.271484375 0.02392578125 0.02685546875
5 0.4638671875 0.28369140625 0.0869140625 0.24169921875
5 0.50634765625 0.29150390625 0.1259765625 0.24072265625
0 0.46923828125 0.35498046875 0.15576171875 0.2353515625
2 0.52685546875 0.38037109375 0.025390625 0.02197265625
1 0.0693359375 0.05908203125 0.03076171875 0.04443359375
1 0.36376953125 0.078125 0.03271484375 0.041015625
1 0.15771484375 0.1015625 0.033203125 0.052734375