0 0.92041015625 0.80029296875 0.1591796875 0.30615234375
0 0.69873046875 0.5283203125 0.205078125 0.27734375
2 0.78173828125 0.5673828125 0.02783203125 0.03466796875
5 0.70068359375 0.431640625 0.13623046875 0.27392578125
3 0.73779296875 0.31787109375 0.0380859375 0.046875
4 0.89794921875 0.1279296875 0.09814453125 0.1953125
0 0.80517578125 0.2587890625 0.1328125 0.197265625
5 0.80615234375 0.2001953125 0.07666015625 0.18115234375
1 0.82177734375 0.1337890625 0.029296875 0.04736328125
2 0.85400390625 0.30419921875 0.01904296875 0.0234375
0 0.2919921875 0.10205078125 0.09326171875 0.1533203125
2 0.3251953125 0.11328125 0.01708984375 0.01416015625