5 0.701171875 0.142578125 0.068359375 0.1552734375
0 0.69921875 0.20361328125 0.11669921875 0.17822265625
2 0.7392578125 0.244140625 0.0185546875 0.02099609375
3 0.64111328125 0.2666015625 0.03369140625 0.048828125
5 0.60888671875 0.375 0.12548828125 0.265625
0 0.60791015625 0.466796875 0.18310546875 0.25634765625
1 0.8994140625 0.490234375 0.0673828125 0.09033203125
2 0.681640625 0.501953125 0.02734375 0.029296875
5 0.84423828125 0.62841796875 0.17529296875 0.36376953125
0 0.84033203125 0.73486328125 0.287109375 0.35498046875
0 0.24365234375 0.07861328125 0.08740234375 0.14013671875
2 0.94970703125 0.7841796875 0.02685546875 0.03564453125
1 0.708984375 0.087890625 0.02783203125 0.04345703125
2 0.27490234375 0.0888671875 0.0166015625 0.0146484375