3 0.37646484375 0.11474609375 0.025390625 0.04833984375
0 0.04638671875 0.16845703125 0.091796875 0.15380859375
2 0.0732421875 0.169921875 0.02001953125 0.0234375
5 0.35107421875 0.18701171875 0.07861328125 0.1923828125
5 0.37744140625 0.19580078125 0.09033203125 0.21240234375
3 0.25634765625 0.23974609375 0.03271484375 0.05810546875
0 0.35791015625 0.25439453125 0.1240234375 0.20703125
3 0.29833984375 0.2646484375 0.03271484375 0.0654296875
2 0.40283203125 0.2705078125 0.0224609375 0.021484375
5 0.23291015625 0.32470703125 0.08251953125 0.2255859375
5 0.30029296875 0.35986328125 0.099609375 0.2568359375
3 0.02978515625 0.0390625 0.02490234375 0.048828125
0 0.291015625 0.4443359375 0.22412109375 0.1748046875
0 0.43359375 0.083984375 0.08203125 0.1376953125
5 0.0302734375 0.09814453125 0.05908203125 0.166015625
3 0.4013671875 0.1123046875 0.03076171875 0.044921875