0 0.42333984375 0.3115234375 0.1318359375 0.2216796875
5 0.408203125 0.2294921875 0.08740234375 0.20556640625
1 0.43115234375 0.150390625 0.03564453125 0.05029296875
5 0.4326171875 0.23583984375 0.1103515625 0.2265625
3 0.46240234375 0.14990234375 0.03271484375 0.04931640625
2 0.462890625 0.3701171875 0.0263671875 0.0234375
0 0.7841796875 0.84814453125 0.2265625 0.3037109375
5 0.8125 0.6318359375 0.169921875 0.28515625
3 0.78369140625 0.5458984375 0.046875 0.08984375
5 0.70849609375 0.61376953125 0.1181640625 0.306640625
3 0.73388671875 0.50390625 0.04833984375 0.08740234375
0 0.77197265625 0.49462890625 0.22265625 0.2587890625
5 0.77587890625 0.419921875 0.14501953125 0.25927734375
1 0.810546875 0.322265625 0.046875 0.0615234375