0 0.61767578125 0.5791015625 0.18896484375 0.33203125
5 0.60498046875 0.462890625 0.12548828125 0.2119140625
3 0.6259765625 0.388671875 0.0390625 0.06494140625
0 0.861328125 0.4541015625 0.1904296875 0.271484375
5 0.8642578125 0.369140625 0.13134765625 0.2451171875
1 0.908203125 0.27294921875 0.0380859375 0.05224609375
2 0.93310546875 0.521484375 0.0244140625 0.02734375
0 0.8037109375 0.31640625 0.1357421875 0.158203125
5 0.8525390625 0.2705078125 0.10888671875 0.1865234375
5 0.82080078125 0.279296875 0.08349609375 0.2216796875
1 0.8447265625 0.19189453125 0.03466796875 0.0478515625
3 0.8720703125 0.20068359375 0.03759765625 0.04736328125