0 0.3466796875 0.11572265625 0.09765625 0.14697265625
3 0.37646484375 0.01513671875 0.0205078125 0.0302734375
2 0.376953125 0.1650390625 0.01708984375 0.01806640625
1 0.3525390625 0.01708984375 0.025390625 0.0341796875
4 0.80322265625 0.05078125 0.0732421875 0.1015625
1 0.82958984375 0.51513671875 0.0625 0.08203125
5 0.78125 0.6650390625 0.1640625 0.38232421875
5 0.3662109375 0.07568359375 0.072265625 0.1513671875
0 0.79638671875 0.77001953125 0.26416015625 0.3896484375
5 0.3369140625 0.080078125 0.06005859375 0.16015625
2 0.90625 0.81494140625 0.037109375 0.041015625