5 0.0615234375 0.17138671875 0.0908203125 0.22509765625
0 0.0751953125 0.23779296875 0.13818359375 0.20849609375
2 0.12744140625 0.2412109375 0.0234375 0.0224609375
1 0.91162109375 0.25048828125 0.04150390625 0.05712890625
5 0.8857421875 0.35009765625 0.11083984375 0.2578125
0 0.87890625 0.4189453125 0.1845703125 0.234375
2 0.95703125 0.4423828125 0.0234375 0.0263671875
2 0.271484375 0.05224609375 0.01318359375 0.01220703125
0 0.24658203125 0.05810546875 0.07275390625 0.1162109375
3 0.078125 0.08349609375 0.037109375 0.05126953125
0 0.431640625 0.09228515625 0.0908203125 0.134765625
2 0.4658203125 0.10400390625 0.01611328125 0.015625