0 0.09765625 0.11572265625 0.09228515625 0.15673828125
2 0.1220703125 0.12353515625 0.0185546875 0.01708984375
5 0.03076171875 0.12646484375 0.06005859375 0.18701171875
1 0.85009765625 0.17041015625 0.02978515625 0.04833984375
2 0.07177734375 0.2119140625 0.0205078125 0.02392578125
0 0.044921875 0.212890625 0.087890625 0.158203125
5 0.82568359375 0.24658203125 0.08837890625 0.19921875
0 0.81787109375 0.31396484375 0.1552734375 0.19873046875
2 0.884765625 0.32470703125 0.01708984375 0.02197265625
4 0.82373046875 0.05419921875 0.07470703125 0.10498046875
3 0.029296875 0.0556640625 0.0244140625 0.04345703125
0 0.28125 0.087890625 0.08251953125 0.13818359375
2 0.31103515625 0.09130859375 0.0185546875 0.01416015625