0 0.2333984375 0.11474609375 0.0849609375 0.1572265625
2 0.26611328125 0.115234375 0.01806640625 0.0166015625
5 0.13720703125 0.1796875 0.08203125 0.20263671875
5 0.1533203125 0.1923828125 0.1025390625 0.20458984375
0 0.1455078125 0.23681640625 0.12451171875 0.21240234375
2 0.1826171875 0.294921875 0.02734375 0.02587890625
3 0.7373046875 0.40478515625 0.03759765625 0.06640625
3 0.7578125 0.41455078125 0.04052734375 0.08056640625
5 0.69873046875 0.53369140625 0.11572265625 0.32666015625
5 0.7470703125 0.5361328125 0.11767578125 0.3212890625
0 0.7099609375 0.6201171875 0.23193359375 0.345703125
3 0.1611328125 0.0986328125 0.025390625 0.04345703125
3 0.1806640625 0.11083984375 0.025390625 0.0380859375