0 0.68505859375 0.5517578125 0.201171875 0.31201171875
5 0.67724609375 0.45849609375 0.1376953125 0.24853515625
3 0.70947265625 0.3662109375 0.048828125 0.06494140625
2 0.7578125 0.64306640625 0.0341796875 0.037109375
0 0.5888671875 0.37841796875 0.14013671875 0.1953125
5 0.58984375 0.3193359375 0.1201171875 0.19091796875
1 0.61962890625 0.2548828125 0.05126953125 0.05859375
0 0.79345703125 0.33447265625 0.13818359375 0.19482421875
5 0.79150390625 0.2470703125 0.09619140625 0.2099609375
1 0.81103515625 0.1708984375 0.03466796875 0.0576171875
2 0.845703125 0.40380859375 0.02099609375 0.01953125
0 0.14892578125 0.06005859375 0.0810546875 0.11181640625
2 0.1728515625 0.05419921875 0.01708984375 0.013671875