4 0.81640625 0.09619140625 0.0947265625 0.18310546875
0 0.5693359375 0.2177734375 0.1435546875 0.18798828125
5 0.6044921875 0.1669921875 0.0791015625 0.19970703125
5 0.56640625 0.16259765625 0.080078125 0.189453125
3 0.6181640625 0.087890625 0.0224609375 0.0400390625
3 0.59228515625 0.08642578125 0.0263671875 0.0380859375
2 0.63037109375 0.228515625 0.01806640625 0.01904296875
0 0.46142578125 0.12646484375 0.10595703125 0.16064453125
5 0.46142578125 0.0869140625 0.0732421875 0.173828125
2 0.501953125 0.13720703125 0.01806640625 0.01611328125
4 0.55419921875 0.04443359375 0.0771484375 0.0888671875