0 0.64697265625 0.63134765625 0.2060546875 0.3583984375
5 0.63720703125 0.498046875 0.15576171875 0.23095703125
2 0.72607421875 0.6904296875 0.03369140625 0.029296875
1 0.68359375 0.416015625 0.05029296875 0.06689453125
0 0.59130859375 0.4150390625 0.14892578125 0.1923828125
5 0.591796875 0.35498046875 0.11962890625 0.26025390625
3 0.61865234375 0.2568359375 0.03466796875 0.06201171875
0 0.48828125 0.2021484375 0.12255859375 0.1865234375
2 0.5380859375 0.20849609375 0.02001953125 0.01806640625
5 0.482421875 0.1435546875 0.08740234375 0.2138671875
3 0.505859375 0.05810546875 0.0234375 0.04150390625
4 0.830078125 0.06982421875 0.08154296875 0.1376953125
4 0.97509765625 0.19482421875 0.0498046875 0.1162109375