1 0.580078125 0.181640625 0.0380859375 0.0546875
1 0.93505859375 0.193359375 0.03515625 0.04931640625
5 0.55419921875 0.26806640625 0.10009765625 0.228515625
5 0.9130859375 0.275390625 0.095703125 0.21337890625
0 0.91650390625 0.33984375 0.16455078125 0.21728515625
0 0.56103515625 0.34228515625 0.15087890625 0.244140625
2 0.98583984375 0.3544921875 0.0205078125 0.02099609375
2 0.61376953125 0.40380859375 0.02587890625 0.02734375
1 0.71240234375 0.46435546875 0.056640625 0.09814453125
5 0.73583984375 0.6044921875 0.15966796875 0.3798828125
2 0.7998046875 0.74560546875 0.04541015625 0.02490234375
0 0.72119140625 0.7529296875 0.2275390625 0.40380859375
4 0.845703125 0.07958984375 0.07275390625 0.095703125
0 0.19482421875 0.080078125 0.08056640625 0.15185546875