1 0.68359375 0.12353515625 0.02978515625 0.0458984375
1 0.45361328125 0.14404296875 0.03662109375 0.052734375
3 0.4873046875 0.15087890625 0.02734375 0.05126953125
3 0.7041015625 0.15283203125 0.02734375 0.0458984375
5 0.650390625 0.20703125 0.09716796875 0.21337890625
5 0.67919921875 0.22509765625 0.10546875 0.1904296875
5 0.42724609375 0.234375 0.10400390625 0.2353515625
5 0.46630859375 0.25732421875 0.099609375 0.2626953125
0 0.662109375 0.27001953125 0.1357421875 0.19873046875
0 0.4326171875 0.30615234375 0.146484375 0.22509765625
2 0.71875 0.33935546875 0.01806640625 0.02783203125
1 0.77294921875 0.369140625 0.05126953125 0.087890625
5 0.7373046875 0.49462890625 0.1455078125 0.34423828125
0 0.7314453125 0.5947265625 0.251953125 0.3125
2 0.8369140625 0.62353515625 0.0283203125 0.03515625