0 0.46728515625 0.12109375 0.0986328125 0.10302734375
1 0.7568359375 0.15771484375 0.0322265625 0.04638671875
5 0.73291015625 0.23583984375 0.09375 0.2041015625
0 0.73828125 0.30224609375 0.14501953125 0.21484375
2 0.79638671875 0.32080078125 0.0224609375 0.02392578125
1 0.6767578125 0.3671875 0.05810546875 0.07666015625
5 0.33837890625 0.04736328125 0.0478515625 0.0947265625
5 0.64013671875 0.46630859375 0.1494140625 0.2734375
0 0.646484375 0.5986328125 0.21875 0.330078125
0 0.1064453125 0.06298828125 0.09912109375 0.115234375
2 0.7314453125 0.68505859375 0.0234375 0.03466796875
0 0.33935546875 0.08056640625 0.08544921875 0.13818359375
2 0.3662109375 0.10791015625 0.01806640625 0.01708984375