3 0.47998046875 0.12890625 0.03076171875 0.048828125
1 0.82568359375 0.1455078125 0.03369140625 0.048828125
5 0.4697265625 0.21728515625 0.076171875 0.2255859375
5 0.80517578125 0.21923828125 0.083984375 0.19580078125
1 0.349609375 0.22314453125 0.04736328125 0.06982421875
0 0.80322265625 0.2763671875 0.13671875 0.177734375
0 0.48828125 0.287109375 0.11669921875 0.20947265625
2 0.85791015625 0.2958984375 0.0185546875 0.017578125
2 0.53076171875 0.30322265625 0.02197265625 0.0224609375
5 0.3193359375 0.330078125 0.1279296875 0.2822265625
0 0.32080078125 0.38720703125 0.181640625 0.2158203125