4 0.88134765625 0.10498046875 0.09814453125 0.2080078125
0 0.580078125 0.48681640625 0.15234375 0.29150390625
5 0.5576171875 0.37939453125 0.10546875 0.26318359375
1 0.57080078125 0.28515625 0.04736328125 0.07373046875
2 0.6298828125 0.572265625 0.02978515625 0.04150390625
0 0.18212890625 0.39501953125 0.16748046875 0.2763671875
5 0.17919921875 0.302734375 0.1123046875 0.287109375
1 0.1982421875 0.19091796875 0.048828125 0.06396484375
2 0.2421875 0.40966796875 0.02880859375 0.02587890625
0 0.07568359375 0.26904296875 0.1337890625 0.2314453125
5 0.07177734375 0.197265625 0.10009765625 0.220703125
1 0.09326171875 0.11474609375 0.04150390625 0.05517578125