5 0.67041015625 0.1513671875 0.083984375 0.1767578125
1 0.29443359375 0.16650390625 0.04052734375 0.0546875
0 0.67919921875 0.20166015625 0.1171875 0.17041015625
5 0.28369140625 0.220703125 0.09375 0.16259765625
1 0.2880859375 0.23583984375 0.044921875 0.072265625
2 0.720703125 0.24267578125 0.0205078125 0.025390625
1 0.0322265625 0.29931640625 0.064453125 0.1611328125
0 0.291015625 0.33251953125 0.14501953125 0.232421875
5 0.25927734375 0.337890625 0.115234375 0.27734375
0 0.26806640625 0.39453125 0.16796875 0.22998046875
1 0.6923828125 0.08349609375 0.03173828125 0.04248046875