1 0.79345703125 0.12548828125 0.03271484375 0.044921875
1 0.33642578125 0.1806640625 0.04052734375 0.05908203125
5 0.77392578125 0.19189453125 0.08251953125 0.17822265625
5 0.04052734375 0.2060546875 0.07763671875 0.2421875
5 0.3173828125 0.23974609375 0.11181640625 0.177734375
0 0.775390625 0.24951171875 0.12744140625 0.18701171875
1 0.3212890625 0.25390625 0.04443359375 0.06396484375
0 0.0478515625 0.28173828125 0.09326171875 0.22900390625
2 0.8212890625 0.29541015625 0.02294921875 0.025390625
2 0.0703125 0.2958984375 0.02587890625 0.0205078125
0 0.333984375 0.3525390625 0.142578125 0.23486328125
5 0.29296875 0.35986328125 0.119140625 0.27685546875
0 0.29833984375 0.41162109375 0.169921875 0.22314453125
1 0.0361328125 0.1103515625 0.0361328125 0.05126953125