1 0.13232421875 0.13232421875 0.0380859375 0.06201171875
5 0.11181640625 0.21142578125 0.1025390625 0.22021484375
1 0.23583984375 0.21142578125 0.048828125 0.0732421875
0 0.111328125 0.28076171875 0.13232421875 0.22021484375
1 0.62548828125 0.3125 0.046875 0.078125
5 0.21337890625 0.32568359375 0.11572265625 0.3017578125
0 0.21630859375 0.40576171875 0.1748046875 0.2392578125
5 0.607421875 0.42041015625 0.11474609375 0.2958984375
2 0.2822265625 0.4326171875 0.03125 0.029296875
0 0.62841796875 0.5224609375 0.1650390625 0.3095703125
2 0.6875 0.6083984375 0.03466796875 0.0439453125
4 0.841796875 0.06396484375 0.04150390625 0.126953125
4 0.123046875 0.068359375 0.16796875 0.13671875
4 0.80078125 0.08837890625 0.0830078125 0.17626953125