0 0.51171875 0.49267578125 0.2197265625 0.25927734375
5 0.498046875 0.38623046875 0.1328125 0.2177734375
1 0.53466796875 0.3134765625 0.046875 0.07421875
0 0.6923828125 0.30322265625 0.14599609375 0.20068359375
5 0.69775390625 0.236328125 0.09912109375 0.21630859375
1 0.72021484375 0.1533203125 0.03564453125 0.05078125
2 0.75 0.3193359375 0.01904296875 0.02099609375
0 0.6318359375 0.19189453125 0.12841796875 0.13623046875
5 0.63671875 0.1533203125 0.0927734375 0.17919921875
3 0.65771484375 0.08349609375 0.02587890625 0.03759765625
0 0.4951171875 0.3408203125 0.150390625 0.1728515625
5 0.47998046875 0.2802734375 0.1103515625 0.189453125
1 0.5048828125 0.2119140625 0.03955078125 0.05224609375
0 0.27587890625 0.3642578125 0.14794921875 0.25048828125
5 0.26904296875 0.2900390625 0.10888671875 0.24755859375
2 0.32080078125 0.43896484375 0.02978515625 0.03271484375
1 0.27978515625 0.1953125 0.03759765625 0.05810546875
0 0.08349609375 0.2607421875 0.10888671875 0.21435546875
5 0.0751953125 0.1826171875 0.09912109375 0.2177734375
1 0.087890625 0.09814453125 0.03759765625 0.048828125
2 0.111328125 0.30419921875 0.0244140625 0.01953125