1 0.1650390625 0.11962890625 0.0361328125 0.05322265625
0 0.087890625 0.14306640625 0.10205078125 0.16162109375
5 0.14501953125 0.2119140625 0.09765625 0.2392578125
1 0.08251953125 0.0234375 0.0302734375 0.03955078125
0 0.0185546875 0.22900390625 0.03662109375 0.1259765625
2 0.0185546875 0.24609375 0.02197265625 0.02392578125
0 0.15869140625 0.28173828125 0.15869140625 0.22705078125
2 0.21142578125 0.33935546875 0.0244140625 0.0263671875
4 0.6767578125 0.0556640625 0.08447265625 0.111328125
0 0.2060546875 0.0654296875 0.0859375 0.130859375
2 0.23779296875 0.06884765625 0.0146484375 0.01220703125
4 0.75732421875 0.0849609375 0.09228515625 0.169921875
5 0.0751953125 0.09765625 0.06982421875 0.1875