0 0.47509765625 0.18798828125 0.12353515625 0.17431640625
5 0.47900390625 0.13427734375 0.08056640625 0.1845703125
1 0.4912109375 0.06103515625 0.0283203125 0.03857421875
2 0.51904296875 0.20068359375 0.0185546875 0.017578125
0 0.373046875 0.08740234375 0.09765625 0.14697265625
2 0.408203125 0.09521484375 0.01416015625 0.0126953125
0 0.35888671875 0.38671875 0.189453125 0.19580078125
5 0.33984375 0.33154296875 0.1259765625 0.27490234375
1 0.37548828125 0.2236328125 0.04296875 0.05859375
0 0.30419921875 0.25390625 0.1123046875 0.1943359375
5 0.298828125 0.201171875 0.091796875 0.212890625
1 0.3154296875 0.12060546875 0.03369140625 0.0498046875
0 0.158203125 0.29541015625 0.13916015625 0.24072265625
5 0.1494140625 0.2236328125 0.10205078125 0.23486328125
1 0.15869140625 0.1328125 0.03564453125 0.05517578125
2 0.20068359375 0.35302734375 0.02734375 0.02978515625
0 0.02978515625 0.232421875 0.05859375 0.1376953125
2 0.03515625 0.244140625 0.0234375 0.0185546875
5 0.0205078125 0.10986328125 0.04052734375 0.14111328125