0 0.60400390625 0.3916015625 0.1513671875 0.2607421875
5 0.6259765625 0.3388671875 0.12060546875 0.23974609375
5 0.5966796875 0.314453125 0.10205078125 0.24072265625
3 0.6591796875 0.2451171875 0.03173828125 0.05126953125
1 0.6298828125 0.2216796875 0.03466796875 0.05517578125
2 0.6533203125 0.46728515625 0.02978515625 0.0302734375
0 0.31884765625 0.3359375 0.13720703125 0.2529296875
2 0.35888671875 0.39453125 0.02490234375 0.0244140625
5 0.31396484375 0.26171875 0.10107421875 0.2392578125
3 0.33056640625 0.16650390625 0.0283203125 0.0478515625
5 0.2763671875 0.1884765625 0.11181640625 0.158203125
5 0.28369140625 0.15234375 0.099609375 0.2060546875
1 0.3017578125 0.07275390625 0.033203125 0.0458984375