5 0.2490234375 0.13232421875 0.09423828125 0.19921875
3 0.28857421875 0.1484375 0.03369140625 0.04931640625
0 0.24755859375 0.17333984375 0.1318359375 0.154296875
1 0.5712890625 0.18603515625 0.03369140625 0.05712890625
3 0.59912109375 0.20751953125 0.02978515625 0.05078125
5 0.2744140625 0.23974609375 0.1005859375 0.23095703125
5 0.54296875 0.2841796875 0.09130859375 0.251953125
5 0.5712890625 0.29443359375 0.10888671875 0.22412109375
0 0.279296875 0.314453125 0.12744140625 0.224609375
0 0.54833984375 0.35205078125 0.130859375 0.23291015625
2 0.31591796875 0.36328125 0.0234375 0.02099609375
2 0.59423828125 0.421875 0.02978515625 0.029296875
1 0.2626953125 0.05615234375 0.0322265625 0.046875