3 0.44970703125 0.12109375 0.0263671875 0.04345703125
0 0.1201171875 0.1279296875 0.076171875 0.14697265625
5 0.17041015625 0.169921875 0.09130859375 0.205078125
3 0.826171875 0.17431640625 0.02783203125 0.044921875
5 0.40966796875 0.18701171875 0.07177734375 0.2041015625
1 0.16015625 0.01953125 0.029296875 0.0380859375
5 0.4306640625 0.20458984375 0.0849609375 0.20947265625
0 0.17724609375 0.23681640625 0.111328125 0.208984375
0 0.41796875 0.2509765625 0.1015625 0.2021484375
5 0.80322265625 0.27734375 0.091796875 0.24853515625
2 0.20751953125 0.28369140625 0.021484375 0.02001953125
2 0.44775390625 0.306640625 0.025390625 0.02587890625
0 0.80419921875 0.30859375 0.1474609375 0.2158203125
4 0.7001953125 0.04248046875 0.0791015625 0.08251953125
3 0.18408203125 0.08837890625 0.025390625 0.04248046875
5 0.14111328125 0.09375 0.08251953125 0.18701171875
1 0.42919921875 0.107421875 0.03125 0.0439453125