1 0.5322265625 0.125 0.03369140625 0.04638671875
2 0.15576171875 0.12841796875 0.01904296875 0.01806640625
5 0.08935546875 0.19384765625 0.09033203125 0.23779296875
5 0.51513671875 0.21337890625 0.10693359375 0.22265625
1 0.3857421875 0.2412109375 0.03955078125 0.0556640625
0 0.1064453125 0.2607421875 0.12548828125 0.2275390625
2 0.14501953125 0.271484375 0.02490234375 0.02587890625
0 0.5166015625 0.2724609375 0.158203125 0.20654296875
2 0.57568359375 0.287109375 0.02392578125 0.025390625
5 0.36962890625 0.33740234375 0.111328125 0.248046875
0 0.3779296875 0.38037109375 0.1787109375 0.20068359375
4 0.7490234375 0.05029296875 0.06494140625 0.09423828125
0 0.94140625 0.5234375 0.11669921875 0.251953125
0 0.12109375 0.09375 0.09619140625 0.158203125
1 0.09716796875 0.1025390625 0.04443359375 0.05859375