5 0.2294921875 0.11376953125 0.0712890625 0.16357421875
5 0.24365234375 0.13623046875 0.0888671875 0.1845703125
4 0.89697265625 0.16552734375 0.11376953125 0.21826171875
0 0.23583984375 0.1865234375 0.1044921875 0.19189453125
2 0.271484375 0.23193359375 0.025390625 0.02197265625
1 0.697265625 0.28271484375 0.04931640625 0.06689453125
5 0.6630859375 0.39306640625 0.1298828125 0.2861328125
2 0.18798828125 0.04443359375 0.01611328125 0.01416015625
0 0.6611328125 0.47900390625 0.2275390625 0.29736328125
2 0.7568359375 0.51904296875 0.02490234375 0.03076171875
3 0.251953125 0.0546875 0.02587890625 0.04443359375
0 0.16259765625 0.05615234375 0.0888671875 0.1123046875
3 0.2626953125 0.0634765625 0.02392578125 0.0400390625
4 0.70703125 0.06591796875 0.09130859375 0.1298828125