4 0.89501953125 0.08349609375 0.119140625 0.1669921875
0 0.80078125 0.70654296875 0.27587890625 0.34619140625
5 0.7978515625 0.6181640625 0.15966796875 0.3408203125
1 0.8330078125 0.484375 0.05712890625 0.07275390625
2 0.89697265625 0.7490234375 0.03271484375 0.03515625
0 0.806640625 0.427734375 0.17822265625 0.2314453125
5 0.85546875 0.359375 0.1005859375 0.18505859375
5 0.81103515625 0.37548828125 0.1181640625 0.259765625
3 0.88330078125 0.2890625 0.02978515625 0.044921875
1 0.8447265625 0.27099609375 0.0390625 0.0517578125
2 0.8818359375 0.494140625 0.02294921875 0.02392578125
0 0.73779296875 0.30810546875 0.14013671875 0.1708984375
5 0.80322265625 0.23779296875 0.08740234375 0.1474609375
5 0.75 0.259765625 0.09326171875 0.18896484375
3 0.82177734375 0.19482421875 0.0341796875 0.05908203125
3 0.7626953125 0.1904296875 0.02978515625 0.05126953125