0 0.396484375 0.20849609375 0.11279296875 0.1796875
5 0.3955078125 0.12744140625 0.09326171875 0.154296875
1 0.41455078125 0.07470703125 0.0322265625 0.044921875
2 0.4365234375 0.21533203125 0.0205078125 0.01611328125
0 0.76611328125 0.50341796875 0.20458984375 0.29345703125
5 0.767578125 0.42138671875 0.12353515625 0.283203125
1 0.80517578125 0.3173828125 0.04736328125 0.07763671875
5 0.80908203125 0.43603515625 0.13330078125 0.2353515625
3 0.84326171875 0.34716796875 0.03955078125 0.064453125
2 0.8505859375 0.58251953125 0.021484375 0.0234375
0 0.126953125 0.28076171875 0.13916015625 0.197265625
5 0.11669921875 0.19287109375 0.1025390625 0.17529296875
1 0.12841796875 0.1279296875 0.03271484375 0.04736328125
2 0.17236328125 0.28955078125 0.02294921875 0.01904296875
0 0.26318359375 0.125 0.10009765625 0.14794921875
5 0.25146484375 0.060546875 0.0615234375 0.12060546875
3 0.26806640625 0.01123046875 0.02099609375 0.0224609375
5 0.27734375 0.072265625 0.0693359375 0.134765625
3 0.29638671875 0.0185546875 0.02001953125 0.02587890625
2 0.29541015625 0.14453125 0.017578125 0.0126953125