5 0.5205078125 0.18310546875 0.08642578125 0.2021484375
5 0.564453125 0.1865234375 0.0869140625 0.21533203125
1 0.67431640625 0.1865234375 0.03466796875 0.0439453125
3 0.70361328125 0.19775390625 0.03125 0.04931640625
0 0.53466796875 0.2314453125 0.13525390625 0.19970703125
5 0.64306640625 0.2587890625 0.10791015625 0.18701171875
5 0.6826171875 0.28271484375 0.08544921875 0.21923828125
0 0.64599609375 0.3447265625 0.14990234375 0.23828125
1 0.96337890625 0.3564453125 0.0498046875 0.0673828125
1 0.62060546875 0.36767578125 0.05615234375 0.06982421875
2 0.70751953125 0.38330078125 0.021484375 0.02099609375
5 0.92626953125 0.45068359375 0.1474609375 0.2568359375
5 0.59326171875 0.45361328125 0.134765625 0.24267578125
0 0.90673828125 0.537109375 0.1865234375 0.2783203125
0 0.60205078125 0.56396484375 0.20703125 0.3056640625
2 0.67822265625 0.60009765625 0.029296875 0.0322265625
4 0.8662109375 0.0927734375 0.09033203125 0.185546875
3 0.5400390625 0.1025390625 0.0302734375 0.03955078125
3 0.58154296875 0.103515625 0.0322265625 0.048828125