0 0.306640625 0.14697265625 0.10546875 0.1630859375
1 0.18359375 0.14990234375 0.0380859375 0.0537109375
2 0.34228515625 0.1669921875 0.0185546875 0.01708984375
5 0.451171875 0.185546875 0.10205078125 0.1962890625
1 0.31103515625 0.0244140625 0.03271484375 0.0390625
0 0.44970703125 0.2392578125 0.1201171875 0.19287109375
5 0.16796875 0.244140625 0.1044921875 0.24169921875
2 0.49462890625 0.24755859375 0.02197265625 0.0205078125
0 0.177734375 0.30419921875 0.14111328125 0.22216796875
2 0.2265625 0.31982421875 0.02490234375 0.0263671875
3 0.34228515625 0.033203125 0.0234375 0.0341796875
1 0.943359375 0.38525390625 0.0537109375 0.08642578125
0 0.73388671875 0.390625 0.00146484375 0.00146484375
3 0.982421875 0.4072265625 0.03515625 0.07177734375
5 0.8994140625 0.4912109375 0.14306640625 0.29833984375
5 0.9482421875 0.52294921875 0.103515625 0.2998046875
0 0.89453125 0.57080078125 0.2109375 0.3076171875
4 0.80810546875 0.06640625 0.0888671875 0.1328125
5 0.29931640625 0.09912109375 0.0712890625 0.18896484375
5 0.3212890625 0.107421875 0.0703125 0.18310546875
1 0.47216796875 0.107421875 0.03369140625 0.04345703125