0 0.29638671875 0.14990234375 0.1015625 0.16748046875
2 0.33056640625 0.15478515625 0.01806640625 0.01708984375
5 0.03173828125 0.16943359375 0.06103515625 0.2109375
1 0.5615234375 0.21826171875 0.04248046875 0.0673828125
3 0.59423828125 0.22314453125 0.0390625 0.0615234375
0 0.0458984375 0.23291015625 0.0908203125 0.173828125
2 0.06982421875 0.23486328125 0.021484375 0.02587890625
1 0.310546875 0.02978515625 0.0302734375 0.04736328125
5 0.52978515625 0.30810546875 0.107421875 0.24755859375
5 0.5625 0.322265625 0.126953125 0.259765625
1 0.8759765625 0.35498046875 0.0537109375 0.0732421875
0 0.5390625 0.3857421875 0.1748046875 0.2578125
2 0.60791015625 0.44970703125 0.021484375 0.0263671875
5 0.83447265625 0.48046875 0.1484375 0.3193359375
0 0.82373046875 0.568359375 0.22119140625 0.2939453125
2 0.91259765625 0.60986328125 0.02294921875 0.02783203125
0 0.1796875 0.08251953125 0.087890625 0.14208984375
1 0.02587890625 0.08740234375 0.029296875 0.04736328125
2 0.21044921875 0.10009765625 0.01513671875 0.015625
5 0.296875 0.10009765625 0.08056640625 0.18896484375
4 0.962890625 0.10009765625 0.07421875 0.177734375