0 0.25244140625 0.12451171875 0.09375 0.15673828125
2 0.28466796875 0.1298828125 0.01708984375 0.015625
1 0.265625 0.01513671875 0.02734375 0.0302734375
1 0.4609375 0.17431640625 0.041015625 0.06103515625
3 0.48681640625 0.185546875 0.02783203125 0.0498046875
5 0.4306640625 0.26123046875 0.10107421875 0.23486328125
5 0.4638671875 0.28271484375 0.11572265625 0.24462890625
1 0.77587890625 0.302734375 0.05126953125 0.06787109375
0 0.44189453125 0.3330078125 0.1640625 0.23681640625
2 0.505859375 0.39697265625 0.021484375 0.02783203125
5 0.7373046875 0.4130859375 0.14013671875 0.28759765625
0 0.732421875 0.5029296875 0.20263671875 0.27783203125
2 0.8125 0.54248046875 0.0234375 0.02783203125
0 0.14111328125 0.064453125 0.0830078125 0.12890625
5 0.251953125 0.07861328125 0.078125 0.15673828125
2 0.17138671875 0.080078125 0.01611328125 0.013671875