0 0.591796875 0.50341796875 0.1845703125 0.27880859375
5 0.59033203125 0.41845703125 0.12451171875 0.185546875
1 0.611328125 0.3603515625 0.04296875 0.072265625
2 0.6591796875 0.58837890625 0.029296875 0.029296875
0 0.7138671875 0.45556640625 0.1474609375 0.26416015625
5 0.70361328125 0.35400390625 0.087890625 0.21142578125
1 0.71240234375 0.28466796875 0.04541015625 0.0703125
2 0.767578125 0.52001953125 0.02392578125 0.0224609375
0 0.56005859375 0.2294921875 0.13037109375 0.169921875
5 0.560546875 0.1533203125 0.10009765625 0.16552734375
3 0.59130859375 0.09814453125 0.033203125 0.052734375
2 0.60400390625 0.27294921875 0.0185546875 0.02197265625