0 0.701171875 0.57568359375 0.21728515625 0.31494140625
5 0.6982421875 0.5029296875 0.1328125 0.2275390625
1 0.7353515625 0.42138671875 0.048828125 0.0634765625
2 0.78076171875 0.67138671875 0.02783203125 0.03173828125
0 0.865234375 0.54541015625 0.2021484375 0.2939453125
5 0.86181640625 0.455078125 0.1201171875 0.2548828125
1 0.88427734375 0.35888671875 0.04296875 0.06005859375
2 0.93798828125 0.61767578125 0.02685546875 0.03076171875
0 0.68408203125 0.28466796875 0.154296875 0.21533203125
5 0.69580078125 0.2255859375 0.099609375 0.2138671875
2 0.7353515625 0.34521484375 0.0205078125 0.0244140625
0 0.072265625 0.2294921875 0.125 0.19384765625
5 0.05712890625 0.16162109375 0.0869140625 0.220703125
3 0.06298828125 0.07421875 0.033203125 0.046875
2 0.11376953125 0.265625 0.02392578125 0.02197265625
0 0.0849609375 0.07177734375 0.08935546875 0.13623046875
2 0.11572265625 0.09375 0.0185546875 0.0185546875