4 0.927734375 0.109375 0.09765625 0.197265625
0 0.7392578125 0.60205078125 0.24169921875 0.3447265625
5 0.7421875 0.51123046875 0.154296875 0.3310546875
3 0.787109375 0.38330078125 0.04052734375 0.07275390625
2 0.83447265625 0.61767578125 0.02783203125 0.02978515625
0 0.57763671875 0.37109375 0.15380859375 0.25390625
5 0.568359375 0.30126953125 0.11767578125 0.29296875
3 0.59375 0.18212890625 0.03271484375 0.0537109375
2 0.64013671875 0.39013671875 0.025390625 0.02294921875
0 0.30712890625 0.1806640625 0.1171875 0.1728515625
5 0.306640625 0.12255859375 0.091796875 0.18603515625
3 0.3193359375 0.04736328125 0.021484375 0.033203125
2 0.34912109375 0.1923828125 0.0185546875 0.01708984375