0 0.427734375 0.12841796875 0.10546875 0.1572265625
2 0.4697265625 0.14404296875 0.017578125 0.01611328125
5 0.56494140625 0.14990234375 0.09130859375 0.18798828125
1 0.267578125 0.1513671875 0.044921875 0.060546875
3 0.4345703125 0.0205078125 0.02001953125 0.0361328125
3 0.9384765625 0.19775390625 0.02197265625 0.0400390625
0 0.56640625 0.20751953125 0.13525390625 0.181640625
3 0.958984375 0.20947265625 0.02734375 0.0439453125
2 0.62158203125 0.21826171875 0.0166015625 0.01953125
3 0.45068359375 0.0234375 0.0234375 0.03662109375
1 0.36669921875 0.24169921875 0.03515625 0.0498046875
5 0.25341796875 0.248046875 0.107421875 0.25390625
5 0.90283203125 0.271484375 0.09375 0.1875
5 0.94091796875 0.28076171875 0.08935546875 0.1865234375
0 0.2578125 0.30078125 0.14892578125 0.20703125
0 0.9072265625 0.3154296875 0.15234375 0.14892578125
5 0.34375 0.34814453125 0.11376953125 0.263671875
0 0.3642578125 0.39453125 0.17431640625 0.1982421875
1 0.89892578125 0.44775390625 0.056640625 0.08251953125
5 0.86572265625 0.5791015625 0.17431640625 0.3427734375
0 0.873046875 0.6708984375 0.23681640625 0.34375
2 0.9638671875 0.71728515625 0.0283203125 0.03515625
1 0.5869140625 0.07763671875 0.037109375 0.0439453125
5 0.4169921875 0.08251953125 0.05224609375 0.16015625
5 0.4443359375 0.0888671875 0.06982421875 0.16748046875