5 0.20263671875 0.18994140625 0.09619140625 0.23046875
1 0.40234375 0.21337890625 0.0390625 0.05224609375
0 0.21044921875 0.251953125 0.12646484375 0.20947265625
2 0.25244140625 0.26708984375 0.02392578125 0.01953125
1 0.6103515625 0.296875 0.0400390625 0.0654296875
5 0.37890625 0.31884765625 0.119140625 0.26416015625
0 0.3798828125 0.3671875 0.15234375 0.2099609375
5 0.6064453125 0.41162109375 0.12158203125 0.294921875
1 0.9150390625 0.44921875 0.0546875 0.08056640625
3 0.9423828125 0.46533203125 0.044921875 0.07275390625
0 0.62451171875 0.53271484375 0.1767578125 0.31005859375
5 0.87841796875 0.5703125 0.13330078125 0.32421875
5 0.9228515625 0.59228515625 0.15380859375 0.32666015625
2 0.6904296875 0.62744140625 0.0302734375 0.0439453125
0 0.8818359375 0.6748046875 0.23583984375 0.3447265625
2 0.97216796875 0.71875 0.02880859375 0.029296875
1 0.2177734375 0.09765625 0.03369140625 0.04638671875