1 0.70947265625 0.16162109375 0.03466796875 0.0517578125
3 0.53564453125 0.2236328125 0.0341796875 0.0576171875
5 0.681640625 0.25146484375 0.10498046875 0.22998046875
5 0.53173828125 0.296875 0.068359375 0.20263671875
3 0.4833984375 0.31005859375 0.0322265625 0.0556640625
0 0.681640625 0.3115234375 0.15966796875 0.2119140625
2 0.74658203125 0.32568359375 0.02294921875 0.02099609375
5 0.4599609375 0.384765625 0.13134765625 0.20458984375
0 0.52001953125 0.40625 0.16259765625 0.25048828125
2 0.583984375 0.4296875 0.0224609375 0.02734375
0 0.46875 0.45361328125 0.19140625 0.21240234375