0 0.85400390625 0.70068359375 0.2490234375 0.35107421875
5 0.86767578125 0.6162109375 0.15673828125 0.32421875
3 0.91845703125 0.49658203125 0.052734375 0.08203125
5 0.9013671875 0.6279296875 0.197265625 0.32421875
3 0.9658203125 0.5146484375 0.052734375 0.09033203125
2 0.94384765625 0.8134765625 0.03076171875 0.0263671875
0 0.287109375 0.1337890625 0.1123046875 0.1591796875
5 0.306640625 0.0634765625 0.06982421875 0.12646484375
3 0.31103515625 0.0185546875 0.03125 0.03466796875
2 0.32568359375 0.1357421875 0.02490234375 0.0146484375
0 0.13623046875 0.236328125 0.11279296875 0.18603515625
5 0.12890625 0.13623046875 0.0849609375 0.142578125
1 0.14111328125 0.0849609375 0.03271484375 0.03857421875
2 0.1689453125 0.26708984375 0.0263671875 0.02392578125