0 0.02978515625 0.173828125 0.05810546875 0.123046875
2 0.04345703125 0.189453125 0.02392578125 0.0263671875
3 0.56494140625 0.29931640625 0.04150390625 0.06787109375
3 0.6103515625 0.30517578125 0.03466796875 0.0546875
1 0.01123046875 0.03125 0.02197265625 0.04345703125
5 0.525390625 0.37451171875 0.1220703125 0.21826171875
5 0.5771484375 0.3935546875 0.130859375 0.2314453125
0 0.53125 0.45849609375 0.17431640625 0.25537109375
1 0.74267578125 0.46142578125 0.06640625 0.08740234375
2 0.5908203125 0.5576171875 0.03076171875 0.03125
5 0.7041015625 0.5751953125 0.16162109375 0.3173828125
0 0.1650390625 0.07080078125 0.095703125 0.1416015625
0 0.70556640625 0.70361328125 0.21533203125 0.36083984375
2 0.19482421875 0.0751953125 0.01806640625 0.0185546875
2 0.79345703125 0.7470703125 0.0361328125 0.041015625
5 0.01904296875 0.07861328125 0.037109375 0.13818359375