1 0.20751953125 0.1328125 0.037109375 0.0546875
5 0.07080078125 0.1376953125 0.07470703125 0.20068359375
5 0.09375 0.14111328125 0.09130859375 0.20068359375
0 0.07958984375 0.18994140625 0.10009765625 0.1953125
5 0.18896484375 0.22900390625 0.10400390625 0.2470703125
2 0.1103515625 0.2373046875 0.0244140625 0.017578125
1 0.68798828125 0.29248046875 0.037109375 0.05078125
0 0.2021484375 0.30419921875 0.13134765625 0.21923828125
2 0.2451171875 0.31982421875 0.02587890625 0.0244140625
5 0.6533203125 0.39404296875 0.12548828125 0.25439453125
0 0.65869140625 0.47216796875 0.1865234375 0.28515625
2 0.72314453125 0.54833984375 0.025390625 0.02490234375
3 0.11669921875 0.05859375 0.02490234375 0.03564453125
1 0.091796875 0.06005859375 0.03173828125 0.044921875
4 0.8798828125 0.10595703125 0.09326171875 0.1767578125