0 0.34423828125 0.36279296875 0.14208984375 0.23046875
5 0.33349609375 0.29541015625 0.12060546875 0.22998046875
3 0.3583984375 0.20849609375 0.03955078125 0.0556640625
2 0.37841796875 0.4501953125 0.03076171875 0.0244140625
0 0.5439453125 0.38427734375 0.18212890625 0.23681640625
5 0.55126953125 0.291015625 0.13818359375 0.220703125
1 0.5673828125 0.20703125 0.04638671875 0.056640625
2 0.60986328125 0.40869140625 0.02392578125 0.02685546875
0 0.84228515625 0.27978515625 0.14404296875 0.19384765625
5 0.84521484375 0.20166015625 0.091796875 0.1474609375
3 0.8701171875 0.1435546875 0.02880859375 0.03515625
5 0.8857421875 0.2255859375 0.08837890625 0.17529296875
3 0.9091796875 0.1591796875 0.03076171875 0.05078125
2 0.9091796875 0.2880859375 0.01806640625 0.01904296875
0 0.048828125 0.29541015625 0.0947265625 0.22607421875
2 0.0673828125 0.275390625 0.03955078125 0.013671875
5 0.04833984375 0.15771484375 0.0927734375 0.13818359375
3 0.03564453125 0.11279296875 0.02978515625 0.05078125