0 0.17236328125 0.1611328125 0.12158203125 0.14697265625
3 0.185546875 0.1943359375 0.033203125 0.05517578125
3 0.20166015625 0.21728515625 0.03173828125 0.0625
5 0.16357421875 0.2998046875 0.078125 0.265625
5 0.91259765625 0.33544921875 0.10498046875 0.220703125
5 0.20263671875 0.3564453125 0.1318359375 0.34130859375
3 0.17333984375 0.0390625 0.03076171875 0.0390625
0 0.91552734375 0.39697265625 0.16162109375 0.23583984375
0 0.19677734375 0.4033203125 0.16796875 0.26220703125
2 0.2529296875 0.41650390625 0.03857421875 0.01220703125
5 0.16845703125 0.10595703125 0.0947265625 0.173828125