4 0.70556640625 0.14306640625 0.076171875 0.17822265625
5 0.63134765625 0.1474609375 0.072265625 0.17578125
0 0.49169921875 0.15625 0.1103515625 0.1591796875
0 0.6328125 0.17578125 0.1142578125 0.13037109375
3 0.23046875 0.2158203125 0.03564453125 0.06787109375
3 0.27197265625 0.2451171875 0.03564453125 0.06689453125
5 0.20849609375 0.30810546875 0.0888671875 0.2509765625
5 0.2431640625 0.3623046875 0.12548828125 0.30029296875
0 0.2373046875 0.4287109375 0.17626953125 0.216796875
2 0.30419921875 0.44580078125 0.03955078125 0.0146484375
4 0.7158203125 0.046875 0.07470703125 0.09326171875
4 0.7890625 0.07373046875 0.09033203125 0.1474609375
4 0.935546875 0.1025390625 0.087890625 0.16455078125