4 0.96826171875 0.12841796875 0.0634765625 0.16552734375
0 0.5517578125 0.134765625 0.10205078125 0.10107421875
3 0.21923828125 0.208984375 0.03466796875 0.0654296875
3 0.2587890625 0.244140625 0.03271484375 0.06396484375
5 0.19677734375 0.30859375 0.083984375 0.26220703125
5 0.24853515625 0.36572265625 0.1328125 0.306640625
0 0.236328125 0.42236328125 0.17626953125 0.2060546875
3 0.56396484375 0.044921875 0.01806640625 0.03173828125
2 0.3017578125 0.4453125 0.0400390625 0.01416015625
4 0.86767578125 0.07568359375 0.0712890625 0.1513671875
5 0.55224609375 0.10498046875 0.06591796875 0.15283203125
0 0.41455078125 0.11181640625 0.09033203125 0.15478515625