2 0.05517578125 0.18896484375 0.01953125 0.017578125
0 0.03466796875 0.2080078125 0.068359375 0.13427734375
3 0.31640625 0.2607421875 0.0439453125 0.07080078125
3 0.35888671875 0.3017578125 0.0361328125 0.07080078125
5 0.29931640625 0.3564453125 0.0830078125 0.26123046875
1 0.0146484375 0.03662109375 0.02734375 0.04541015625
5 0.3564453125 0.376953125 0.12109375 0.2216796875
3 0.64697265625 0.41552734375 0.04443359375 0.07666015625
0 0.33349609375 0.4521484375 0.19921875 0.142578125
5 0.615234375 0.4970703125 0.14013671875 0.2412109375
0 0.63134765625 0.6357421875 0.19775390625 0.32080078125
2 0.69873046875 0.69091796875 0.03173828125 0.029296875
5 0.01953125 0.091796875 0.0380859375 0.1572265625