3 0.31640625 0.18310546875 0.02978515625 0.04541015625
2 0.0224609375 0.236328125 0.02392578125 0.0234375
0 0.0224609375 0.2578125 0.04443359375 0.14208984375
5 0.29931640625 0.28955078125 0.1083984375 0.2568359375
0 0.29248046875 0.35546875 0.12890625 0.24951171875
3 0.74365234375 0.423828125 0.0458984375 0.0673828125
3 0.79248046875 0.46044921875 0.0439453125 0.0625
4 0.65234375 0.046875 0.103515625 0.09326171875
5 0.70556640625 0.55419921875 0.14013671875 0.3271484375
5 0.75537109375 0.60595703125 0.14306640625 0.3525390625
0 0.71533203125 0.6533203125 0.23046875 0.35498046875