5 0.0380859375 0.1494140625 0.07470703125 0.20751953125
3 0.2451171875 0.166015625 0.0322265625 0.046875
3 0.2783203125 0.18115234375 0.03076171875 0.0498046875
0 0.05126953125 0.2490234375 0.1015625 0.140625
5 0.22119140625 0.265625 0.1103515625 0.24658203125
5 0.259765625 0.2861328125 0.09375 0.25927734375
0 0.23193359375 0.3388671875 0.17626953125 0.2392578125
2 0.30517578125 0.35888671875 0.025390625 0.02392578125
3 0.728515625 0.50390625 0.044921875 0.09130859375
3 0.796875 0.56640625 0.0458984375 0.09033203125
5 0.7216796875 0.63037109375 0.10498046875 0.34521484375
3 0.04736328125 0.064453125 0.0224609375 0.03515625
5 0.8212890625 0.7294921875 0.1923828125 0.41650390625
0 0.7998046875 0.82666015625 0.23828125 0.34619140625
2 0.88330078125 0.880859375 0.05908203125 0.025390625