5 0.02734375 0.12744140625 0.05419921875 0.1416015625
1 0.197265625 0.14306640625 0.0322265625 0.04296875
5 0.04541015625 0.17041015625 0.08984375 0.208984375
0 0.04541015625 0.22509765625 0.0888671875 0.1572265625
2 0.072265625 0.22509765625 0.021484375 0.01953125
5 0.1767578125 0.23291015625 0.1015625 0.224609375
0 0.18212890625 0.30712890625 0.1357421875 0.21728515625
3 0.67724609375 0.359375 0.0458984375 0.0693359375
2 0.22412109375 0.3662109375 0.02685546875 0.02490234375
5 0.6396484375 0.4619140625 0.14599609375 0.2724609375
0 0.63525390625 0.5615234375 0.21923828125 0.30419921875
2 0.7255859375 0.60400390625 0.02783203125 0.0302734375
1 0.04150390625 0.0791015625 0.0283203125 0.04541015625
3 0.0576171875 0.08740234375 0.02587890625 0.0419921875