5 0.02783203125 0.11962890625 0.0556640625 0.14794921875
3 0.39990234375 0.20947265625 0.0380859375 0.044921875
0 0.0390625 0.240234375 0.078125 0.13720703125
2 0.056640625 0.25927734375 0.02294921875 0.02197265625
5 0.369140625 0.30712890625 0.11865234375 0.23974609375
3 0.79248046875 0.318359375 0.03759765625 0.05029296875
0 0.37451171875 0.3681640625 0.16162109375 0.2216796875
2 0.435546875 0.41064453125 0.02685546875 0.0263671875
5 0.771484375 0.41650390625 0.11181640625 0.24560546875
0 0.7666015625 0.501953125 0.18505859375 0.283203125
2 0.8408203125 0.56494140625 0.02685546875 0.0283203125
3 0.02392578125 0.06494140625 0.03271484375 0.0390625