3 0.8115234375 0.37109375 0.04150390625 0.064453125
1 0.615234375 0.37646484375 0.05224609375 0.0732421875
3 0.8310546875 0.4033203125 0.04736328125 0.0673828125
5 0.5810546875 0.45751953125 0.14697265625 0.23681640625
5 0.7705078125 0.4892578125 0.1259765625 0.30224609375
5 0.81640625 0.52294921875 0.17919921875 0.30810546875
0 0.595703125 0.57861328125 0.1953125 0.30322265625
0 0.78515625 0.59375 0.20751953125 0.3251953125
2 0.66064453125 0.63330078125 0.0400390625 0.03564453125
2 0.8564453125 0.68603515625 0.03125 0.037109375
4 0.8466796875 0.08740234375 0.087890625 0.17431640625
4 0.77734375 0.08935546875 0.056640625 0.1787109375