4 0.9267578125 0.14697265625 0.10888671875 0.21044921875
1 0.53466796875 0.31982421875 0.05078125 0.07080078125
3 0.716796875 0.328125 0.041015625 0.060546875
3 0.7392578125 0.35595703125 0.03466796875 0.06103515625
5 0.50048828125 0.40087890625 0.142578125 0.2314453125
5 0.681640625 0.439453125 0.109375 0.28271484375
5 0.73486328125 0.46875 0.1630859375 0.28662109375
0 0.513671875 0.49072265625 0.1943359375 0.24267578125
0 0.70458984375 0.533203125 0.19677734375 0.30224609375
2 0.77099609375 0.62060546875 0.029296875 0.03662109375
4 0.83544921875 0.0712890625 0.07666015625 0.142578125