4 0.95947265625 0.1318359375 0.0810546875 0.18359375
1 0.40625 0.24267578125 0.04638671875 0.0615234375
3 0.5810546875 0.24853515625 0.03515625 0.0556640625
3 0.60009765625 0.2734375 0.041015625 0.06005859375
5 0.380859375 0.345703125 0.1279296875 0.267578125
5 0.54736328125 0.36083984375 0.11181640625 0.28125
5 0.5888671875 0.38037109375 0.154296875 0.2734375
1 0.8330078125 0.39013671875 0.05615234375 0.07373046875
0 0.388671875 0.39208984375 0.16748046875 0.1953125
0 0.56494140625 0.44384765625 0.1787109375 0.25732421875
2 0.44970703125 0.45751953125 0.0341796875 0.03515625
5 0.77734375 0.49951171875 0.169921875 0.29345703125
2 0.625 0.515625 0.029296875 0.03369140625
0 0.7802734375 0.60009765625 0.25048828125 0.322265625
2 0.8828125 0.6923828125 0.025390625 0.04638671875
4 0.80908203125 0.0712890625 0.0693359375 0.1201171875