0 0.72509765625 0.68359375 0.240234375 0.36279296875
5 0.73681640625 0.58056640625 0.17236328125 0.32177734375
3 0.75634765625 0.4580078125 0.04296875 0.0712890625
2 0.8212890625 0.73974609375 0.03515625 0.0361328125
0 0.19873046875 0.322265625 0.12939453125 0.255859375
5 0.19189453125 0.23779296875 0.1083984375 0.25048828125
1 0.2138671875 0.14208984375 0.03955078125 0.05859375
2 0.2333984375 0.37744140625 0.02880859375 0.0322265625
0 0.04052734375 0.24169921875 0.07958984375 0.1396484375
5 0.02685546875 0.14599609375 0.05224609375 0.21044921875
1 0.021484375 0.0595703125 0.03271484375 0.03857421875
2 0.0576171875 0.2216796875 0.02587890625 0.021484375
0 0.08251953125 0.19677734375 0.04931640625 0.1328125
2 0.091796875 0.21484375 0.0234375 0.02490234375
5 0.064453125 0.08154296875 0.05078125 0.14306640625
1 0.06640625 0.0322265625 0.0283203125 0.04541015625