0 0.86474609375 0.763671875 0.18896484375 0.3583984375
5 0.8466796875 0.64697265625 0.14990234375 0.359375
1 0.8798828125 0.5087890625 0.06005859375 0.08447265625
2 0.93603515625 0.80322265625 0.03125 0.04248046875
4 0.6591796875 0.06201171875 0.080078125 0.1240234375
0 0.50341796875 0.1728515625 0.11962890625 0.17138671875
5 0.5 0.12451171875 0.08203125 0.18017578125
2 0.552734375 0.185546875 0.01904296875 0.01513671875
1 0.5185546875 0.05126953125 0.02685546875 0.03271484375
0 0.2900390625 0.24609375 0.12890625 0.21044921875
5 0.27783203125 0.1787109375 0.09521484375 0.2294921875
3 0.2958984375 0.087890625 0.0283203125 0.046875
2 0.34130859375 0.2529296875 0.02392578125 0.02197265625