1 0.337890625 0.166015625 0.0390625 0.056640625
3 0.8525390625 0.1806640625 0.02734375 0.04345703125
5 0.32080078125 0.25927734375 0.10693359375 0.244140625
5 0.83056640625 0.27099609375 0.09423828125 0.2255859375
0 0.33349609375 0.326171875 0.1591796875 0.240234375
0 0.8291015625 0.33203125 0.1708984375 0.2080078125
2 0.3837890625 0.34228515625 0.02734375 0.02587890625
2 0.90234375 0.34423828125 0.02392578125 0.02490234375
3 0.66259765625 0.34765625 0.041015625 0.06298828125
3 0.71630859375 0.35595703125 0.0419921875 0.06396484375
5 0.6240234375 0.4501953125 0.1396484375 0.267578125
5 0.677734375 0.46630859375 0.13427734375 0.28515625
0 0.9375 0.48486328125 0.12451171875 0.2431640625
0 0.63232421875 0.5498046875 0.22119140625 0.3115234375
2 0.720703125 0.58740234375 0.03369140625 0.0390625