5 0.3427734375 0.12939453125 0.09423828125 0.1943359375
4 0.91845703125 0.1611328125 0.12060546875 0.234375
5 0.17333984375 0.171875 0.080078125 0.14794921875
0 0.0498046875 0.17236328125 0.09716796875 0.16845703125
2 0.0751953125 0.17431640625 0.0205078125 0.02294921875
5 0.21875 0.17822265625 0.05810546875 0.16748046875
0 0.353515625 0.19482421875 0.1279296875 0.185546875
2 0.4052734375 0.24560546875 0.0166015625 0.01953125
0 0.19580078125 0.2734375 0.13037109375 0.21923828125
2 0.2392578125 0.28857421875 0.029296875 0.03076171875
1 0.03369140625 0.0390625 0.03076171875 0.04248046875
3 0.35986328125 0.05224609375 0.02734375 0.0419921875
0 0.36474609375 0.09521484375 0.10595703125 0.1474609375
5 0.03173828125 0.10400390625 0.06201171875 0.17236328125
2 0.4013671875 0.10546875 0.01806640625 0.013671875