5 0.16162109375 0.13720703125 0.09765625 0.140625
5 0.5546875 0.142578125 0.0703125 0.19189453125
3 0.630859375 0.15087890625 0.02587890625 0.04638671875
0 0.55419921875 0.17529296875 0.13232421875 0.15478515625
3 0.3916015625 0.2080078125 0.03271484375 0.04638671875
3 0.42822265625 0.21142578125 0.03271484375 0.0537109375
0 0.173828125 0.23388671875 0.140625 0.2099609375
5 0.60888671875 0.24072265625 0.1044921875 0.2265625
2 0.21533203125 0.244140625 0.02392578125 0.0224609375
5 0.36279296875 0.30712890625 0.111328125 0.244140625
0 0.6171875 0.314453125 0.1611328125 0.2216796875
5 0.404296875 0.3154296875 0.11328125 0.26171875
0 0.37939453125 0.3701171875 0.1748046875 0.22607421875
2 0.68115234375 0.3798828125 0.017578125 0.025390625
2 0.44287109375 0.41015625 0.0302734375 0.029296875
4 0.59765625 0.060546875 0.07421875 0.12109375
1 0.17431640625 0.0888671875 0.03369140625 0.04443359375