2 0.4638671875 0.11376953125 0.0185546875 0.01806640625
4 0.9365234375 0.13037109375 0.10888671875 0.193359375
5 0.5537109375 0.134765625 0.07080078125 0.14599609375
5 0.52392578125 0.1416015625 0.064453125 0.173828125
0 0.533203125 0.181640625 0.11669921875 0.1611328125
3 0.5517578125 0.2236328125 0.0390625 0.064453125
3 0.5908203125 0.255859375 0.0341796875 0.05419921875
5 0.52978515625 0.31787109375 0.109375 0.2509765625
5 0.56982421875 0.3515625 0.09423828125 0.24609375
0 0.54248046875 0.39794921875 0.17919921875 0.25390625
3 0.5478515625 0.07080078125 0.02197265625 0.033203125
3 0.56396484375 0.080078125 0.02197265625 0.0361328125
0 0.4267578125 0.109375 0.09716796875 0.1455078125