3 0.28857421875 0.11376953125 0.0341796875 0.048828125
0 0.37939453125 0.115234375 0.10205078125 0.15283203125
3 0.380859375 0.0126953125 0.017578125 0.025390625
2 0.41455078125 0.126953125 0.02001953125 0.01953125
3 0.31396484375 0.138671875 0.0322265625 0.046875
3 0.39990234375 0.01513671875 0.02197265625 0.0302734375
5 0.26416015625 0.1982421875 0.083984375 0.22021484375
5 0.29931640625 0.2138671875 0.087890625 0.20068359375
0 0.2802734375 0.26611328125 0.1416015625 0.2197265625
3 0.771484375 0.3994140625 0.05029296875 0.06884765625
5 0.7470703125 0.5068359375 0.138671875 0.2841796875
0 0.7431640625 0.61181640625 0.20703125 0.3115234375
5 0.3994140625 0.0673828125 0.0654296875 0.134765625
5 0.36962890625 0.06787109375 0.05126953125 0.1357421875
2 0.82275390625 0.70361328125 0.03515625 0.0439453125
4 0.74462890625 0.08642578125 0.09814453125 0.16064453125