0 0.91162109375 0.51953125 0.1767578125 0.28515625
5 0.92626953125 0.4453125 0.11572265625 0.255859375
1 0.96142578125 0.3486328125 0.04345703125 0.05908203125
0 0.35205078125 0.29345703125 0.15380859375 0.2314453125
5 0.37158203125 0.244140625 0.10107421875 0.2431640625
5 0.33642578125 0.2294921875 0.0791015625 0.21533203125
3 0.38232421875 0.14453125 0.0283203125 0.04345703125
3 0.365234375 0.14306640625 0.0205078125 0.0400390625
2 0.4052734375 0.34814453125 0.0205078125 0.021484375
0 0.2158203125 0.125 0.1083984375 0.16064453125
2 0.2587890625 0.1298828125 0.01904296875 0.01611328125
0 0.052734375 0.11328125 0.091796875 0.1591796875
2 0.0830078125 0.115234375 0.01904296875 0.015625