0 0.69677734375 0.39453125 0.17431640625 0.24951171875
5 0.69287109375 0.32666015625 0.09912109375 0.2265625
1 0.724609375 0.2373046875 0.033203125 0.04736328125
2 0.7587890625 0.43896484375 0.0234375 0.0263671875
0 0.22412109375 0.2265625 0.13427734375 0.20751953125
2 0.27197265625 0.27880859375 0.02099609375 0.01904296875
5 0.23876953125 0.1796875 0.095703125 0.21240234375
5 0.2080078125 0.171875 0.07373046875 0.2001953125
3 0.24609375 0.09228515625 0.02880859375 0.03759765625
3 0.234375 0.09326171875 0.02001953125 0.04248046875
0 0.14111328125 0.0927734375 0.09716796875 0.154296875
2 0.1796875 0.09716796875 0.01708984375 0.01416015625
0 0.02001953125 0.10009765625 0.0390625 0.10498046875
2 0.02978515625 0.08740234375 0.01806640625 0.01416015625