3 0.72509765625 0.11376953125 0.01708984375 0.0361328125
3 0.7431640625 0.13037109375 0.0263671875 0.03857421875
0 0.1904296875 0.13720703125 0.09765625 0.16748046875
2 0.2236328125 0.1640625 0.01953125 0.01806640625
5 0.705078125 0.18701171875 0.05712890625 0.18359375
5 0.72998046875 0.1953125 0.07763671875 0.16748046875
0 0.7109375 0.240234375 0.13037109375 0.1748046875
1 0.19970703125 0.0263671875 0.025390625 0.03369140625
2 0.7578125 0.28564453125 0.0166015625 0.01904296875
3 0.83740234375 0.48291015625 0.0400390625 0.07275390625
0 0.93505859375 0.55224609375 0.1298828125 0.25048828125
5 0.81005859375 0.61279296875 0.130859375 0.3349609375
4 0.7119140625 0.06494140625 0.0869140625 0.12158203125
0 0.80908203125 0.70703125 0.27783203125 0.37451171875
2 0.92724609375 0.7529296875 0.0302734375 0.044921875
5 0.181640625 0.08544921875 0.06982421875 0.15087890625