0 0.3408203125 0.14697265625 0.0986328125 0.1591796875
5 0.59912109375 0.15966796875 0.07958984375 0.18359375
1 0.27978515625 0.17529296875 0.04150390625 0.052734375
3 0.3515625 0.01904296875 0.02294921875 0.03466796875
2 0.369140625 0.181640625 0.01953125 0.0185546875
1 0.48583984375 0.185546875 0.0419921875 0.0576171875
0 0.5908203125 0.21875 0.13232421875 0.1689453125
2 0.6435546875 0.2275390625 0.01953125 0.01904296875
5 0.26416015625 0.26806640625 0.10791015625 0.23681640625
1 0.8046875 0.27783203125 0.0458984375 0.0615234375
5 0.458984375 0.28662109375 0.12060546875 0.2587890625
1 0.55419921875 0.302734375 0.05029296875 0.0673828125
3 0.60693359375 0.31982421875 0.03564453125 0.060546875
0 0.27294921875 0.3291015625 0.15087890625 0.2451171875
0 0.458984375 0.330078125 0.17138671875 0.1865234375
5 0.767578125 0.37451171875 0.12841796875 0.25537109375
5 0.525390625 0.37939453125 0.115234375 0.220703125
2 0.32568359375 0.3896484375 0.02685546875 0.02685546875
5 0.56396484375 0.3984375 0.13232421875 0.21826171875
2 0.046875 0.04150390625 0.0166015625 0.01416015625
0 0.76513671875 0.45703125 0.20654296875 0.25341796875
0 0.5322265625 0.47607421875 0.19970703125 0.26611328125
2 0.8505859375 0.47802734375 0.02197265625 0.02587890625
0 0.03271484375 0.05322265625 0.06396484375 0.10546875
2 0.60546875 0.57373046875 0.03271484375 0.03564453125
5 0.33837890625 0.0830078125 0.07666015625 0.162109375
3 0.6123046875 0.0869140625 0.02587890625 0.03759765625