5 0.4033203125 0.1162109375 0.07763671875 0.17333984375
0 0.40771484375 0.17919921875 0.107421875 0.18310546875
1 0.34375 0.20263671875 0.03857421875 0.05322265625
1 0.55029296875 0.2119140625 0.044921875 0.05712890625
2 0.439453125 0.22119140625 0.0205078125 0.02001953125
0 0.666015625 0.25390625 0.140625 0.18408203125
2 0.72412109375 0.2685546875 0.01708984375 0.01806640625
5 0.32275390625 0.3017578125 0.10791015625 0.2470703125
5 0.52197265625 0.31689453125 0.1220703125 0.265625
1 0.93017578125 0.3369140625 0.046875 0.0693359375
1 0.6533203125 0.33740234375 0.05810546875 0.091796875
0 0.33349609375 0.3603515625 0.154296875 0.2412109375
3 0.70849609375 0.36962890625 0.0400390625 0.064453125
0 0.5205078125 0.3740234375 0.18115234375 0.20458984375
2 0.39111328125 0.42822265625 0.02587890625 0.02734375
5 0.62060546875 0.4306640625 0.12158203125 0.27783203125
5 0.88720703125 0.43701171875 0.14013671875 0.26953125
5 0.65673828125 0.474609375 0.14404296875 0.27294921875
3 0.41845703125 0.0498046875 0.0234375 0.041015625
0 0.8828125 0.5244140625 0.228515625 0.27783203125
2 0.97900390625 0.544921875 0.02197265625 0.0283203125
0 0.6220703125 0.546875 0.2119140625 0.3173828125
2 0.08349609375 0.0595703125 0.0166015625 0.01318359375
0 0.0595703125 0.06298828125 0.0830078125 0.12451171875
2 0.69970703125 0.63232421875 0.0263671875 0.03271484375