5 0.04248046875 0.14013671875 0.04931640625 0.14306640625
5 0.0185546875 0.14208984375 0.0361328125 0.1708984375
0 0.1494140625 0.1494140625 0.10400390625 0.15283203125
2 0.18408203125 0.15185546875 0.0205078125 0.0234375
0 0.103515625 0.2001953125 0.07470703125 0.14990234375
2 0.1240234375 0.21875 0.0185546875 0.02392578125
0 0.0390625 0.25 0.07763671875 0.14208984375
2 0.05859375 0.27099609375 0.0263671875 0.02734375
2 0.19677734375 0.029296875 0.01318359375 0.01171875
1 0.134765625 0.03076171875 0.03076171875 0.0458984375
0 0.1748046875 0.0439453125 0.06689453125 0.08740234375
1 0.88330078125 0.53515625 0.06298828125 0.08154296875
5 0.845703125 0.685546875 0.16455078125 0.3828125
3 0.841796875 0.77880859375 0.291015625 0.3798828125
5 0.1328125 0.07958984375 0.0615234375 0.14306640625
1 0.01416015625 0.08154296875 0.0263671875 0.052734375
2 0.96826171875 0.833984375 0.033203125 0.04248046875
3 0.04443359375 0.09326171875 0.0283203125 0.05029296875
5 0.07568359375 0.09716796875 0.04931640625 0.1630859375