0 0.80224609375 0.732421875 0.2236328125 0.37255859375
5 0.80712890625 0.5888671875 0.16748046875 0.31201171875
1 0.83349609375 0.486328125 0.0634765625 0.08984375
2 0.88623046875 0.78076171875 0.03564453125 0.03662109375
0 0.64990234375 0.30419921875 0.13916015625 0.18701171875
5 0.6513671875 0.21435546875 0.10205078125 0.17919921875
3 0.67236328125 0.14892578125 0.02587890625 0.04833984375
2 0.7041015625 0.30908203125 0.02001953125 0.0146484375
0 0.4833984375 0.17333984375 0.08447265625 0.14892578125
5 0.47314453125 0.08642578125 0.05419921875 0.1416015625
3 0.46728515625 0.0361328125 0.02685546875 0.04052734375
2 0.50341796875 0.197265625 0.0166015625 0.01708984375