0 0.74560546875 0.73388671875 0.248046875 0.36474609375
5 0.78271484375 0.64306640625 0.1611328125 0.35107421875
5 0.73291015625 0.619140625 0.14208984375 0.35009765625
2 0.83544921875 0.78076171875 0.03466796875 0.037109375
3 0.80908203125 0.5078125 0.0458984375 0.080078125
1 0.77685546875 0.48779296875 0.05322265625 0.0859375
0 0.9111328125 0.3134765625 0.15673828125 0.20654296875
5 0.9072265625 0.2529296875 0.08984375 0.1923828125
3 0.93408203125 0.17724609375 0.02392578125 0.0400390625
2 0.96728515625 0.35693359375 0.01953125 0.029296875
4 0.876953125 0.125 0.10888671875 0.19873046875
4 0.81494140625 0.05322265625 0.08056640625 0.10595703125
0 0.0439453125 0.2119140625 0.08740234375 0.1357421875
5 0.0263671875 0.1337890625 0.05126953125 0.21240234375
1 0.0185546875 0.04833984375 0.03125 0.04248046875
2 0.0673828125 0.197265625 0.0234375 0.02392578125
0 0.1591796875 0.05908203125 0.08642578125 0.11669921875
2 0.1904296875 0.05517578125 0.01611328125 0.0146484375