5 0.06396484375 0.16259765625 0.091796875 0.2314453125
0 0.08251953125 0.21630859375 0.12939453125 0.18994140625
2 0.1240234375 0.224609375 0.0234375 0.02734375
0 0.94970703125 0.3310546875 0.10009765625 0.18212890625
1 0.90625 0.56640625 0.05517578125 0.09375
3 0.943359375 0.595703125 0.0537109375 0.08642578125
1 0.076171875 0.06884765625 0.0341796875 0.0439453125
0 0.1953125 0.06982421875 0.09033203125 0.13232421875
5 0.8525390625 0.6982421875 0.1650390625 0.3525390625
2 0.22607421875 0.07080078125 0.01513671875 0.01416015625
5 0.89892578125 0.72119140625 0.19580078125 0.33740234375
0 0.85595703125 0.81201171875 0.26953125 0.35205078125
4 0.76123046875 0.087890625 0.11767578125 0.17578125
2 0.9658203125 0.88623046875 0.03564453125 0.04296875