0 0.60498046875 0.166015625 0.11279296875 0.171875
2 0.64697265625 0.2001953125 0.01953125 0.02197265625
1 0.31689453125 0.2080078125 0.03759765625 0.0751953125
3 0.33544921875 0.22265625 0.03662109375 0.05224609375
5 0.28662109375 0.31396484375 0.09814453125 0.28759765625
5 0.3251953125 0.3310546875 0.11376953125 0.2705078125
0 0.30224609375 0.3818359375 0.162109375 0.20947265625
2 0.3603515625 0.4267578125 0.0302734375 0.02587890625
3 0.6240234375 0.0517578125 0.02294921875 0.0341796875
1 0.92919921875 0.59228515625 0.0673828125 0.0849609375
5 0.884765625 0.74853515625 0.1728515625 0.39697265625
4 0.7392578125 0.0771484375 0.0908203125 0.154296875
0 0.86572265625 0.81640625 0.26806640625 0.333984375
5 0.603515625 0.11181640625 0.0732421875 0.15576171875