0 0.6162109375 0.4296875 0.17626953125 0.25341796875
5 0.62353515625 0.33251953125 0.12109375 0.19970703125
1 0.65185546875 0.25830078125 0.046875 0.0517578125
2 0.6875 0.45458984375 0.02587890625 0.02392578125
0 0.3203125 0.33544921875 0.15185546875 0.2333984375
5 0.31689453125 0.23828125 0.12109375 0.19580078125
1 0.34033203125 0.1708984375 0.04296875 0.05859375
2 0.36962890625 0.35107421875 0.02490234375 0.02001953125
0 0.474609375 0.2041015625 0.11279296875 0.17041015625
5 0.4716796875 0.14013671875 0.0927734375 0.162109375
3 0.4853515625 0.07763671875 0.03076171875 0.03515625