4 0.89599609375 0.10107421875 0.09716796875 0.17822265625
0 0.87841796875 0.81982421875 0.24267578125 0.3603515625
5 0.91650390625 0.72119140625 0.1669921875 0.3896484375
3 0.97412109375 0.57080078125 0.0517578125 0.08935546875
0 0.34130859375 0.26025390625 0.13525390625 0.21044921875
5 0.3427734375 0.19921875 0.1025390625 0.2177734375
1 0.36279296875 0.11279296875 0.0341796875 0.044921875
2 0.3916015625 0.27294921875 0.02197265625 0.02001953125
0 0.10546875 0.18115234375 0.10546875 0.18994140625
5 0.09814453125 0.123046875 0.0830078125 0.19482421875
2 0.138671875 0.193359375 0.0234375 0.0205078125
1 0.1123046875 0.04736328125 0.02783203125 0.0439453125
0 0.30322265625 0.06591796875 0.095703125 0.13134765625