4 0.81982421875 0.078125 0.08935546875 0.1552734375
0 0.38720703125 0.287109375 0.1435546875 0.2138671875
5 0.3916015625 0.22412109375 0.103515625 0.21875
1 0.4111328125 0.13671875 0.03515625 0.0439453125
2 0.44091796875 0.302734375 0.02294921875 0.01953125
0 0.1416015625 0.21044921875 0.109375 0.18994140625
5 0.1328125 0.1533203125 0.08740234375 0.22021484375
1 0.1455078125 0.06640625 0.0341796875 0.046875
2 0.173828125 0.21728515625 0.02490234375 0.0205078125
0 0.35498046875 0.08935546875 0.0966796875 0.13720703125
2 0.38671875 0.09130859375 0.01904296875 0.0146484375
0 0.2978515625 0.10595703125 0.03173828125 0.10400390625