4 0.96484375 0.12548828125 0.0703125 0.169921875
0 0.07763671875 0.16162109375 0.103515625 0.18359375
2 0.1064453125 0.17138671875 0.021484375 0.01708984375
5 0.3017578125 0.1748046875 0.09912109375 0.2080078125
0 0.29931640625 0.2353515625 0.1279296875 0.2001953125
2 0.34619140625 0.24755859375 0.0205078125 0.01904296875
1 0.07958984375 0.03271484375 0.02734375 0.037109375
3 0.845703125 0.49755859375 0.04345703125 0.07763671875
3 0.9208984375 0.54638671875 0.05322265625 0.07666015625
5 0.7958984375 0.640625 0.1708984375 0.36279296875
5 0.88671875 0.67041015625 0.1533203125 0.32568359375
0 0.798828125 0.74853515625 0.29296875 0.3642578125
2 0.92236328125 0.79052734375 0.03369140625 0.04296875
1 0.3193359375 0.0927734375 0.0322265625 0.04443359375
5 0.0673828125 0.111328125 0.0830078125 0.1953125