0 0.45556640625 0.13525390625 0.10546875 0.162109375
2 0.490234375 0.14306640625 0.017578125 0.01513671875
0 0.37939453125 0.16357421875 0.06640625 0.11083984375
1 0.521484375 0.1904296875 0.037109375 0.0439453125
3 0.4580078125 0.02001953125 0.01904296875 0.03515625
5 0.2138671875 0.19970703125 0.09521484375 0.22021484375
3 0.37548828125 0.02099609375 0.0234375 0.03515625
0 0.2216796875 0.2578125 0.1240234375 0.21435546875
2 0.2587890625 0.275390625 0.0244140625 0.02001953125
5 0.49755859375 0.28369140625 0.11474609375 0.22998046875
0 0.49072265625 0.3486328125 0.154296875 0.22900390625
2 0.5537109375 0.36865234375 0.021484375 0.02392578125
4 0.6875 0.048828125 0.07666015625 0.09716796875
5 0.369140625 0.07275390625 0.05859375 0.138671875
5 0.44921875 0.08349609375 0.0732421875 0.16162109375
1 0.2333984375 0.11279296875 0.03076171875 0.04736328125