0 0.3388671875 0.1201171875 0.10107421875 0.16064453125
0 0.0947265625 0.13671875 0.09228515625 0.17578125
2 0.12353515625 0.14990234375 0.01953125 0.01904296875
2 0.3720703125 0.1572265625 0.02001953125 0.02001953125
1 0.1005859375 0.0166015625 0.02685546875 0.03271484375
5 0.19384765625 0.20947265625 0.10595703125 0.24365234375
1 0.88818359375 0.263671875 0.04248046875 0.064453125
0 0.19970703125 0.27978515625 0.14501953125 0.22509765625
2 0.2548828125 0.2900390625 0.02294921875 0.02099609375
5 0.8642578125 0.35302734375 0.10986328125 0.2421875
0 0.8583984375 0.443359375 0.17431640625 0.2734375
2 0.9208984375 0.5068359375 0.0244140625 0.0205078125
5 0.09033203125 0.0908203125 0.07666015625 0.18115234375
3 0.2138671875 0.11279296875 0.0283203125 0.05078125