5 0.12744140625 0.12158203125 0.07470703125 0.193359375
5 0.1484375 0.12548828125 0.09814453125 0.1845703125
3 0.3251953125 0.158203125 0.03076171875 0.0458984375
1 0.2900390625 0.16162109375 0.0361328125 0.052734375
0 0.1376953125 0.1884765625 0.10595703125 0.1865234375
1 0.599609375 0.21923828125 0.03857421875 0.0537109375
2 0.1708984375 0.224609375 0.01953125 0.0185546875
3 0.63330078125 0.23095703125 0.03125 0.04931640625
5 0.2587890625 0.24755859375 0.1005859375 0.22509765625
5 0.2822265625 0.2578125 0.12353515625 0.24560546875
5 0.57080078125 0.30078125 0.103515625 0.2177734375
0 0.27001953125 0.31787109375 0.13671875 0.255859375
5 0.59619140625 0.32421875 0.13623046875 0.23681640625
0 0.5751953125 0.37890625 0.1640625 0.26318359375
2 0.314453125 0.37939453125 0.02783203125 0.02978515625
2 0.6337890625 0.443359375 0.0205078125 0.01953125
1 0.14501953125 0.04638671875 0.03125 0.04296875
3 0.17724609375 0.05322265625 0.0244140625 0.0390625