3 0.27685546875 0.115234375 0.029296875 0.048828125
3 0.46142578125 0.11865234375 0.02685546875 0.04248046875
3 0.30859375 0.1357421875 0.03125 0.046875
4 0.96875 0.15380859375 0.0625 0.1904296875
5 0.40234375 0.1708984375 0.08837890625 0.20068359375
5 0.4375 0.19384765625 0.08984375 0.1923828125
5 0.25244140625 0.20703125 0.0869140625 0.23193359375
5 0.2841796875 0.2275390625 0.09326171875 0.22998046875
0 0.41162109375 0.22998046875 0.126953125 0.1982421875
2 0.453125 0.2646484375 0.0205078125 0.02294921875
0 0.26806640625 0.275390625 0.150390625 0.22021484375
2 0.3212890625 0.32666015625 0.02490234375 0.025390625
2 0.22265625 0.05224609375 0.015625 0.0126953125
0 0.197265625 0.06005859375 0.0849609375 0.1201171875
1 0.423828125 0.09326171875 0.02978515625 0.04541015625