5 0.07763671875 0.1416015625 0.07421875 0.2109375
0 0.08203125 0.18701171875 0.10205078125 0.1689453125
1 0.5654296875 0.1943359375 0.03662109375 0.05859375
2 0.12060546875 0.20751953125 0.02392578125 0.01806640625
5 0.53369140625 0.287109375 0.11572265625 0.2451171875
0 0.53759765625 0.36328125 0.1650390625 0.22998046875
2 0.60302734375 0.3818359375 0.0224609375 0.0244140625
3 0.0830078125 0.0556640625 0.02392578125 0.04052734375
4 0.73291015625 0.0576171875 0.087890625 0.11279296875
0 0.28173828125 0.0703125 0.0830078125 0.1328125
2 0.30859375 0.07861328125 0.01611328125 0.01416015625