3 0.42431640625 0.11572265625 0.0234375 0.03173828125
3 0.23779296875 0.14208984375 0.03125 0.04638671875
1 0.62060546875 0.1611328125 0.037109375 0.05224609375
5 0.39013671875 0.19140625 0.0751953125 0.2041015625
5 0.41845703125 0.20068359375 0.09375 0.201171875
5 0.2236328125 0.23046875 0.10400390625 0.22265625
0 0.40234375 0.24658203125 0.1240234375 0.203125
5 0.60498046875 0.2568359375 0.10107421875 0.24462890625
2 0.44189453125 0.29541015625 0.0224609375 0.02099609375
0 0.23828125 0.296875 0.1435546875 0.2421875
0 0.60888671875 0.3408203125 0.16015625 0.22216796875
2 0.28173828125 0.35107421875 0.01953125 0.021484375
2 0.66943359375 0.38916015625 0.02001953125 0.01904296875
1 0.41015625 0.1064453125 0.0234375 0.0341796875