5 0.15966796875 0.1201171875 0.06298828125 0.19482421875
5 0.17578125 0.13134765625 0.08251953125 0.17724609375
0 0.16748046875 0.17431640625 0.09375 0.19775390625
2 0.19677734375 0.18994140625 0.0224609375 0.01953125
5 0.3408203125 0.193359375 0.09326171875 0.232421875
1 0.5234375 0.2197265625 0.0439453125 0.06396484375
3 0.5625 0.25244140625 0.03466796875 0.05908203125
0 0.3515625 0.2548828125 0.12548828125 0.21142578125
2 0.39111328125 0.271484375 0.025390625 0.02197265625
5 0.49169921875 0.31787109375 0.111328125 0.26025390625
5 0.5283203125 0.33984375 0.1201171875 0.23388671875
3 0.177734375 0.0400390625 0.02197265625 0.0380859375
0 0.4931640625 0.4013671875 0.16552734375 0.24658203125
2 0.55712890625 0.42724609375 0.02490234375 0.02490234375
3 0.193359375 0.06103515625 0.02197265625 0.03662109375
1 0.361328125 0.1015625 0.03125 0.04833984375