0 0.7568359375 0.4130859375 0.1689453125 0.24853515625
5 0.75439453125 0.33837890625 0.1123046875 0.248046875
1 0.77978515625 0.2421875 0.03759765625 0.05517578125
2 0.818359375 0.4326171875 0.0244140625 0.02294921875
0 0.29638671875 0.32373046875 0.15771484375 0.2373046875
5 0.3310546875 0.251953125 0.1064453125 0.21142578125
5 0.2841796875 0.24755859375 0.10302734375 0.25
1 0.3046875 0.1494140625 0.03857421875 0.0537109375
3 0.35009765625 0.1689453125 0.02734375 0.04443359375
2 0.35595703125 0.33984375 0.02587890625 0.0244140625
0 0.09228515625 0.2021484375 0.109375 0.203125
5 0.08740234375 0.13671875 0.08447265625 0.21044921875
1 0.103515625 0.05712890625 0.03564453125 0.05126953125
2 0.123046875 0.25048828125 0.02490234375 0.02392578125