5 0.28564453125 0.12353515625 0.07861328125 0.1953125
3 0.8857421875 0.1767578125 0.02880859375 0.0390625
0 0.2890625 0.1787109375 0.1064453125 0.16796875
5 0.390625 0.19775390625 0.1123046875 0.22216796875
0 0.39208984375 0.2587890625 0.14599609375 0.2138671875
5 0.86474609375 0.27001953125 0.095703125 0.22607421875
2 0.4443359375 0.27734375 0.0224609375 0.0205078125
0 0.86083984375 0.33837890625 0.15625 0.21142578125
2 0.92333984375 0.35205078125 0.0185546875 0.017578125
1 0.30126953125 0.04736328125 0.02880859375 0.04248046875
1 0.4072265625 0.11181640625 0.0341796875 0.0498046875