0 0.52734375 0.44482421875 0.173828125 0.26904296875
5 0.51953125 0.35498046875 0.11376953125 0.2734375
3 0.5556640625 0.2548828125 0.03955078125 0.07275390625
0 0.32080078125 0.2001953125 0.1162109375 0.18017578125
5 0.31884765625 0.123046875 0.08935546875 0.162109375
1 0.3388671875 0.06298828125 0.02490234375 0.041015625
2 0.3642578125 0.205078125 0.01953125 0.01611328125
2 0.5986328125 0.47607421875 0.02880859375 0.021484375
0 0.86279296875 0.4931640625 0.20556640625 0.2353515625
5 0.87353515625 0.4052734375 0.1435546875 0.2802734375
0 0.80224609375 0.3662109375 0.16064453125 0.17041015625
5 0.81787109375 0.30078125 0.12109375 0.22265625
1 0.8427734375 0.2255859375 0.05029296875 0.0673828125
1 0.90673828125 0.30615234375 0.056640625 0.07080078125
2 0.953125 0.52392578125 0.0224609375 0.025390625