4 0.8935546875 0.076171875 0.087890625 0.15234375
4 0.52734375 0.0361328125 0.083984375 0.072265625
0 0.70654296875 0.267578125 0.1376953125 0.20556640625
5 0.73046875 0.23046875 0.095703125 0.19189453125
5 0.70947265625 0.20263671875 0.0791015625 0.1728515625
2 0.75390625 0.31787109375 0.0205078125 0.0205078125
0 0.21875 0.19921875 0.12548828125 0.189453125
5 0.244140625 0.14697265625 0.09423828125 0.20751953125
5 0.2119140625 0.140625 0.0830078125 0.20751953125
3 0.26025390625 0.06103515625 0.02294921875 0.0361328125
1 0.2373046875 0.05908203125 0.02734375 0.04345703125
2 0.26220703125 0.21533203125 0.0205078125 0.017578125