2 0.275390625 0.12158203125 0.01953125 0.01708984375
1 0.49609375 0.125 0.04052734375 0.04931640625
5 0.17919921875 0.146484375 0.083984375 0.1982421875
0 0.1787109375 0.1943359375 0.1025390625 0.181640625
5 0.470703125 0.2138671875 0.10986328125 0.22607421875
0 0.47412109375 0.2705078125 0.138671875 0.21435546875
2 0.52685546875 0.2958984375 0.02587890625 0.0224609375
3 0.61083984375 0.34716796875 0.0380859375 0.06494140625
3 0.666015625 0.37158203125 0.04638671875 0.06201171875
5 0.58251953125 0.447265625 0.1259765625 0.263671875
5 0.640625 0.45556640625 0.09765625 0.23046875
0 0.59521484375 0.49267578125 0.20458984375 0.20361328125
3 0.1962890625 0.06982421875 0.0283203125 0.044921875
0 0.2529296875 0.1064453125 0.07958984375 0.13818359375