5 0.4140625 0.14208984375 0.083984375 0.16259765625
3 0.51708984375 0.2119140625 0.03369140625 0.05712890625
0 0.412109375 0.22021484375 0.1015625 0.18505859375
2 0.44775390625 0.2333984375 0.02490234375 0.02099609375
1 0.8173828125 0.27734375 0.0400390625 0.06103515625
5 0.49951171875 0.310546875 0.10400390625 0.25439453125
0 0.5078125 0.38427734375 0.16357421875 0.26318359375
5 0.7890625 0.38720703125 0.1376953125 0.28076171875
0 0.7802734375 0.43701171875 0.19775390625 0.236328125
2 0.5634765625 0.453125 0.03076171875 0.03515625
2 0.86474609375 0.4931640625 0.02734375 0.02490234375