0 0.85009765625 0.32177734375 0.142578125 0.20703125
5 0.84716796875 0.259765625 0.08984375 0.2060546875
1 0.8642578125 0.1806640625 0.0361328125 0.046875
2 0.89990234375 0.37451171875 0.0234375 0.02197265625
0 0.345703125 0.36083984375 0.17578125 0.17919921875
5 0.3369140625 0.31298828125 0.1201171875 0.28857421875
1 0.35546875 0.1962890625 0.03955078125 0.056640625
2 0.408203125 0.4111328125 0.02783203125 0.02880859375
0 0.046875 0.1748046875 0.09228515625 0.19189453125
5 0.05322265625 0.12158203125 0.1044921875 0.19970703125
5 0.03076171875 0.1123046875 0.060546875 0.1826171875
2 0.072265625 0.203125 0.02001953125 0.02587890625
3 0.06396484375 0.041015625 0.02294921875 0.03955078125
1 0.04736328125 0.041015625 0.021484375 0.04052734375