5 0.13427734375 0.13916015625 0.08984375 0.21142578125
0 0.1376953125 0.18603515625 0.119140625 0.177734375
3 0.5859375 0.18603515625 0.03173828125 0.05126953125
2 0.18505859375 0.2021484375 0.0224609375 0.01953125
5 0.56591796875 0.26220703125 0.10107421875 0.20263671875
0 0.5771484375 0.36376953125 0.13427734375 0.22265625
2 0.62841796875 0.3798828125 0.02685546875 0.025390625
3 0.7939453125 0.42333984375 0.0390625 0.06640625
3 0.1533203125 0.05517578125 0.02685546875 0.04443359375
5 0.7578125 0.54736328125 0.134765625 0.3154296875
0 0.7509765625 0.6416015625 0.19921875 0.35498046875