0 0.78466796875 0.72216796875 0.2666015625 0.38525390625
5 0.8291015625 0.66357421875 0.1806640625 0.34814453125
5 0.78125 0.61376953125 0.1708984375 0.3427734375
1 0.8271484375 0.48095703125 0.052734375 0.078125
3 0.888671875 0.52734375 0.048828125 0.07666015625
2 0.88330078125 0.828125 0.02880859375 0.0322265625
0 0.71142578125 0.2919921875 0.13720703125 0.21826171875
5 0.7060546875 0.23291015625 0.09423828125 0.21826171875
1 0.73095703125 0.1494140625 0.03564453125 0.05126953125
2 0.76220703125 0.3056640625 0.0224609375 0.01953125
0 0.0732421875 0.103515625 0.103515625 0.1328125
2 0.10791015625 0.11279296875 0.0185546875 0.01708984375