0 0.48779296875 0.5341796875 0.21923828125 0.3212890625
5 0.486328125 0.4384765625 0.1259765625 0.30615234375
3 0.517578125 0.32763671875 0.05517578125 0.07763671875
5 0.53369140625 0.4814453125 0.14111328125 0.28369140625
3 0.5791015625 0.375 0.04931640625 0.0703125
2 0.57421875 0.62109375 0.029296875 0.02392578125
0 0.43212890625 0.12939453125 0.10546875 0.154296875
5 0.4169921875 0.0849609375 0.0712890625 0.169921875
1 0.43310546875 0.01904296875 0.0263671875 0.03759765625
2 0.458984375 0.13134765625 0.015625 0.01220703125
4 0.95556640625 0.15087890625 0.08837890625 0.18603515625