0 0.65283203125 0.43603515625 0.16064453125 0.29541015625
5 0.65185546875 0.35107421875 0.111328125 0.2607421875
3 0.67919921875 0.25146484375 0.03173828125 0.060546875
2 0.71435546875 0.51318359375 0.02734375 0.02880859375
0 0.337890625 0.4345703125 0.1884765625 0.29931640625
5 0.3544921875 0.37939453125 0.1357421875 0.27197265625
3 0.392578125 0.27294921875 0.0400390625 0.0576171875
5 0.32373046875 0.35107421875 0.107421875 0.275390625
1 0.35595703125 0.244140625 0.04248046875 0.06103515625
2 0.3994140625 0.51171875 0.02880859375 0.0244140625
0 0.259765625 0.05322265625 0.0869140625 0.1064453125
2 0.287109375 0.04296875 0.0166015625 0.01513671875