1 0.1396484375 0.12744140625 0.0341796875 0.04833984375
0 0.27099609375 0.14013671875 0.10107421875 0.1767578125
3 0.16455078125 0.15576171875 0.03955078125 0.0498046875
2 0.30615234375 0.18115234375 0.01806640625 0.01416015625
5 0.1162109375 0.22412109375 0.08154296875 0.2421875
5 0.13037109375 0.23876953125 0.10888671875 0.21630859375
1 0.279296875 0.02685546875 0.021484375 0.03662109375
0 0.130859375 0.29248046875 0.11669921875 0.2216796875
2 0.16015625 0.3525390625 0.02587890625 0.0205078125
3 0.70263671875 0.4921875 0.046875 0.0732421875
3 0.74560546875 0.5146484375 0.0458984375 0.0849609375
5 0.6513671875 0.62841796875 0.1552734375 0.3466796875
5 0.70947265625 0.6484375 0.1787109375 0.35400390625
0 0.65283203125 0.7392578125 0.25146484375 0.38916015625
2 0.75927734375 0.81591796875 0.03515625 0.037109375
5 0.2646484375 0.0986328125 0.07470703125 0.1796875