0 0.599609375 0.6923828125 0.23974609375 0.3642578125
5 0.58642578125 0.60205078125 0.1572265625 0.3876953125
3 0.64111328125 0.4599609375 0.05224609375 0.091796875
5 0.654296875 0.58447265625 0.158203125 0.29931640625
3 0.68408203125 0.47607421875 0.05419921875 0.078125
2 0.6962890625 0.763671875 0.03466796875 0.02880859375
0 0.1220703125 0.28271484375 0.10888671875 0.24560546875
5 0.1083984375 0.189453125 0.08203125 0.19091796875
3 0.12890625 0.12109375 0.0400390625 0.05712890625
5 0.12841796875 0.205078125 0.09716796875 0.17333984375
3 0.14892578125 0.14990234375 0.03271484375 0.05517578125
2 0.14697265625 0.34375 0.02587890625 0.01953125
0 0.2275390625 0.1279296875 0.10107421875 0.16162109375
5 0.2177734375 0.08056640625 0.0673828125 0.1513671875
3 0.2275390625 0.021484375 0.02001953125 0.033203125
2 0.2587890625 0.15869140625 0.01806640625 0.013671875