3 0.1083984375 0.1181640625 0.02734375 0.04931640625
5 0.0703125 0.16845703125 0.06982421875 0.19580078125
3 0.90380859375 0.17041015625 0.0263671875 0.0439453125
5 0.0869140625 0.19921875 0.087890625 0.21142578125
5 0.87451171875 0.2412109375 0.10205078125 0.18603515625
0 0.08203125 0.24560546875 0.10107421875 0.21923828125
2 0.107421875 0.30078125 0.02490234375 0.02001953125
0 0.8828125 0.30419921875 0.1396484375 0.2041015625
3 0.44482421875 0.318359375 0.04296875 0.06884765625
3 0.47119140625 0.33447265625 0.04248046875 0.06591796875
2 0.9345703125 0.35302734375 0.0185546875 0.0185546875
5 0.40673828125 0.43408203125 0.11865234375 0.298828125
5 0.443359375 0.44775390625 0.1533203125 0.2919921875
0 0.41845703125 0.5302734375 0.1826171875 0.3173828125
2 0.48779296875 0.58544921875 0.03369140625 0.02734375
1 0.08984375 0.0927734375 0.029296875 0.04345703125