0 0.5166015625 0.12255859375 0.09228515625 0.14453125
5 0.0302734375 0.12548828125 0.05859375 0.17333984375
2 0.548828125 0.150390625 0.015625 0.01318359375
5 0.0400390625 0.15673828125 0.0771484375 0.19287109375
3 0.2783203125 0.21142578125 0.02880859375 0.052734375
3 0.2978515625 0.22021484375 0.0341796875 0.05224609375
0 0.0517578125 0.23779296875 0.0595703125 0.134765625
2 0.0556640625 0.25 0.02197265625 0.01708984375
5 0.24658203125 0.3125 0.09375 0.25537109375
5 0.29052734375 0.3193359375 0.11767578125 0.25
1 0.87548828125 0.34765625 0.041015625 0.0595703125
0 0.263671875 0.39501953125 0.13818359375 0.263671875
2 0.31103515625 0.4345703125 0.02685546875 0.02099609375
5 0.83349609375 0.453125 0.13232421875 0.26904296875
0 0.82763671875 0.54443359375 0.20849609375 0.30859375
1 0.04052734375 0.05810546875 0.0283203125 0.0380859375
2 0.9033203125 0.62353515625 0.0234375 0.0224609375
3 0.056640625 0.0810546875 0.02294921875 0.041015625