5 0.0283203125 0.1357421875 0.052734375 0.1806640625
3 0.224609375 0.185546875 0.02978515625 0.0517578125
3 0.24462890625 0.1884765625 0.03271484375 0.05322265625
0 0.029296875 0.19775390625 0.05712890625 0.16064453125
2 0.03564453125 0.22900390625 0.0224609375 0.02099609375
1 0.6728515625 0.25048828125 0.04052734375 0.06005859375
5 0.2373046875 0.2783203125 0.1162109375 0.2314453125
5 0.197265625 0.279296875 0.08349609375 0.24072265625
5 0.638671875 0.341796875 0.11669921875 0.24267578125
0 0.21826171875 0.34521484375 0.12646484375 0.25341796875
4 0.6396484375 0.037109375 0.06982421875 0.07275390625
2 0.25927734375 0.38720703125 0.02783203125 0.02294921875
0 0.63818359375 0.4189453125 0.16845703125 0.2646484375
3 0.02197265625 0.044921875 0.02880859375 0.03955078125
2 0.69921875 0.48876953125 0.02490234375 0.0234375
3 0.03564453125 0.0654296875 0.0234375 0.03955078125
0 0.4169921875 0.06884765625 0.08056640625 0.134765625
5 0.021484375 0.09033203125 0.0419921875 0.130859375
2 0.44384765625 0.0986328125 0.01513671875 0.01513671875