1 0.455078125 0.13916015625 0.03173828125 0.044921875
0 0.01611328125 0.19482421875 0.0322265625 0.1220703125
2 0.0107421875 0.20361328125 0.02099609375 0.015625
5 0.14697265625 0.21630859375 0.07568359375 0.21826171875
5 0.431640625 0.2216796875 0.09716796875 0.2109375
5 0.17431640625 0.2294921875 0.10302734375 0.2255859375
0 0.4365234375 0.28955078125 0.134765625 0.228515625
0 0.16162109375 0.3037109375 0.111328125 0.21630859375
2 0.1943359375 0.328125 0.0263671875 0.0205078125
2 0.48095703125 0.3427734375 0.0244140625 0.01904296875
1 0.84619140625 0.40185546875 0.0517578125 0.072265625
5 0.80908203125 0.52587890625 0.142578125 0.31982421875
0 0.81005859375 0.62646484375 0.2392578125 0.3212890625
2 0.8994140625 0.66650390625 0.02734375 0.03173828125
4 0.87548828125 0.08935546875 0.0908203125 0.17138671875