3 0.71923828125 0.13427734375 0.029296875 0.04248046875
5 0.1416015625 0.17626953125 0.08740234375 0.21826171875
5 0.4140625 0.18994140625 0.08544921875 0.201171875
5 0.69384765625 0.21337890625 0.09521484375 0.20068359375
0 0.42138671875 0.23828125 0.11181640625 0.20751953125
0 0.14990234375 0.24658203125 0.08984375 0.19873046875
0 0.6953125 0.27099609375 0.1376953125 0.2041015625
2 0.744140625 0.283203125 0.01953125 0.01904296875
2 0.4580078125 0.2919921875 0.0234375 0.02294921875
2 0.1689453125 0.29541015625 0.025390625 0.02392578125
3 0.70751953125 0.578125 0.05029296875 0.08447265625
5 0.6611328125 0.72900390625 0.1806640625 0.384765625
0 0.654296875 0.81201171875 0.2490234375 0.37548828125
2 0.74853515625 0.90576171875 0.0419921875 0.04248046875
1 0.14501953125 0.09228515625 0.033203125 0.0498046875
3 0.43701171875 0.11083984375 0.0263671875 0.04345703125