0 0.81005859375 0.8984375 0.2607421875 0.203125
5 0.85595703125 0.85400390625 0.22021484375 0.2919921875
3 0.923828125 0.7568359375 0.05712890625 0.09130859375
0 0.84765625 0.3642578125 0.16748046875 0.234375
5 0.85693359375 0.30224609375 0.125 0.224609375
1 0.8798828125 0.212890625 0.03173828125 0.0439453125
2 0.91162109375 0.3828125 0.02294921875 0.0224609375
0 0.54248046875 0.318359375 0.1298828125 0.23876953125
5 0.53857421875 0.2568359375 0.09619140625 0.19970703125
3 0.56591796875 0.17724609375 0.03173828125 0.0390625
2 0.5859375 0.37939453125 0.0244140625 0.025390625
0 0.18017578125 0.28369140625 0.09619140625 0.21630859375
5 0.1767578125 0.20751953125 0.1005859375 0.23583984375
1 0.17919921875 0.11376953125 0.03369140625 0.0478515625
2 0.19873046875 0.33251953125 0.029296875 0.0263671875