1 0.21630859375 0.14306640625 0.03515625 0.0537109375
0 0.03173828125 0.1923828125 0.06298828125 0.12646484375
2 0.04638671875 0.20361328125 0.02294921875 0.0234375
5 0.20263671875 0.23876953125 0.091796875 0.24755859375
3 0.72314453125 0.2578125 0.03173828125 0.056640625
0 0.21142578125 0.31787109375 0.0947265625 0.2294921875
5 0.69580078125 0.34765625 0.1064453125 0.23583984375
2 0.2294921875 0.3740234375 0.02880859375 0.02734375
0 0.69287109375 0.42138671875 0.1552734375 0.26953125
2 0.74853515625 0.49267578125 0.025390625 0.029296875
0 0.21923828125 0.0673828125 0.06787109375 0.13427734375
2 0.23388671875 0.080078125 0.0185546875 0.01708984375