5 0.20703125 0.15625 0.09033203125 0.21484375
5 0.087890625 0.18115234375 0.08984375 0.2373046875
5 0.05419921875 0.18359375 0.07177734375 0.22021484375
0 0.21337890625 0.216796875 0.13134765625 0.2080078125
0 0.07373046875 0.2431640625 0.12841796875 0.19970703125
2 0.11962890625 0.259765625 0.02392578125 0.0234375
2 0.25732421875 0.2607421875 0.02783203125 0.02587890625
3 0.61669921875 0.30908203125 0.0380859375 0.05859375
5 0.57763671875 0.4140625 0.12451171875 0.2685546875
0 0.58154296875 0.5 0.19677734375 0.2998046875
2 0.6494140625 0.57763671875 0.02734375 0.0361328125
1 0.22607421875 0.06884765625 0.033203125 0.0400390625
3 0.09814453125 0.083984375 0.02978515625 0.04296875
3 0.08056640625 0.09326171875 0.017578125 0.03955078125