0 0.95166015625 0.3935546875 0.0966796875 0.19091796875
0 0.69921875 0.36962890625 0.17724609375 0.25
5 0.7001953125 0.29833984375 0.10693359375 0.24072265625
1 0.7265625 0.20361328125 0.033203125 0.0517578125
2 0.7666015625 0.43408203125 0.02294921875 0.03076171875
0 0.15380859375 0.34228515625 0.1484375 0.25732421875
5 0.16845703125 0.26806640625 0.109375 0.25390625
5 0.12939453125 0.275390625 0.09375 0.25048828125
2 0.19775390625 0.357421875 0.02783203125 0.02294921875
3 0.1884765625 0.1650390625 0.0341796875 0.04833984375
1 0.16015625 0.17626953125 0.03125 0.05322265625