0 0.79345703125 0.3291015625 0.154296875 0.21337890625
5 0.7939453125 0.26220703125 0.08984375 0.21044921875
5 0.8212890625 0.26220703125 0.1005859375 0.2021484375
2 0.857421875 0.34912109375 0.01953125 0.01904296875
3 0.85546875 0.18310546875 0.025390625 0.04296875
1 0.82373046875 0.17919921875 0.0302734375 0.0439453125
0 0.31201171875 0.48828125 0.1953125 0.30908203125
5 0.3271484375 0.4072265625 0.12646484375 0.2919921875
5 0.29296875 0.39892578125 0.11279296875 0.3046875
3 0.357421875 0.29296875 0.03857421875 0.0625
3 0.32958984375 0.27392578125 0.0380859375 0.05419921875
2 0.37890625 0.51904296875 0.03369140625 0.025390625