1 0.76416015625 0.1513671875 0.03076171875 0.04296875
3 0.7939453125 0.15380859375 0.02392578125 0.03955078125
5 0.7373046875 0.23388671875 0.0859375 0.2080078125
5 0.763671875 0.23583984375 0.0927734375 0.20458984375
3 0.2939453125 0.24951171875 0.03369140625 0.0537109375
3 0.31982421875 0.26611328125 0.03369140625 0.05810546875
0 0.73583984375 0.29736328125 0.1376953125 0.20361328125
5 0.29833984375 0.36962890625 0.10791015625 0.265625
5 0.255859375 0.373046875 0.1103515625 0.3017578125
0 0.279296875 0.453125 0.18017578125 0.29833984375
4 0.71240234375 0.0478515625 0.07568359375 0.095703125
2 0.3359375 0.4873046875 0.0283203125 0.02099609375