4 0.9716796875 0.1103515625 0.056640625 0.1484375
0 0.51416015625 0.1689453125 0.0888671875 0.17919921875
5 0.5380859375 0.12255859375 0.06884765625 0.17822265625
5 0.51708984375 0.12060546875 0.0673828125 0.1748046875
0 0.15869140625 0.3388671875 0.13232421875 0.2587890625
5 0.162109375 0.26708984375 0.09912109375 0.2451171875
3 0.1787109375 0.171875 0.0283203125 0.05322265625
2 0.1943359375 0.3603515625 0.029296875 0.0185546875
0 0.240234375 0.173828125 0.1298828125 0.1904296875
5 0.236328125 0.10546875 0.07275390625 0.1728515625
1 0.244140625 0.0390625 0.02685546875 0.03857421875
2 0.28857421875 0.21484375 0.01953125 0.0224609375