4 0.869140625 0.0791015625 0.08984375 0.158203125
0 0.58984375 0.21484375 0.1064453125 0.18896484375
5 0.6123046875 0.16064453125 0.08642578125 0.1845703125
5 0.59130859375 0.15966796875 0.0732421875 0.18896484375
3 0.642578125 0.087890625 0.0224609375 0.0390625
1 0.61328125 0.0849609375 0.029296875 0.03955078125
0 0.2001953125 0.3798828125 0.146484375 0.2861328125
5 0.2060546875 0.3037109375 0.10595703125 0.2470703125
5 0.18017578125 0.2998046875 0.1015625 0.26416015625
2 0.24267578125 0.40673828125 0.03271484375 0.0205078125
3 0.22705078125 0.20556640625 0.03173828125 0.05078125
3 0.2099609375 0.19091796875 0.03466796875 0.0458984375
0 0.2529296875 0.17431640625 0.11474609375 0.189453125
2 0.29248046875 0.2158203125 0.0185546875 0.0205078125
5 0.24658203125 0.0859375 0.0693359375 0.13037109375
3 0.25341796875 0.03857421875 0.02783203125 0.0361328125