0 0.1396484375 0.31591796875 0.1259765625 0.2568359375
5 0.1435546875 0.2470703125 0.09814453125 0.2314453125
2 0.17041015625 0.33984375 0.0283203125 0.01953125
3 0.1591796875 0.15478515625 0.02880859375 0.04833984375
0 0.2373046875 0.169921875 0.12646484375 0.1904296875
2 0.28466796875 0.21337890625 0.015625 0.0234375
5 0.224609375 0.11572265625 0.0712890625 0.19091796875
3 0.23779296875 0.0390625 0.02685546875 0.03857421875
0 0.4814453125 0.154296875 0.08447265625 0.1630859375
5 0.5009765625 0.10400390625 0.072265625 0.16796875
5 0.4814453125 0.103515625 0.06201171875 0.169921875
3 0.5263671875 0.0361328125 0.02099609375 0.03271484375
1 0.49951171875 0.03662109375 0.0244140625 0.0361328125