3 0.35888671875 0.14208984375 0.03125 0.04833984375
0 0.0390625 0.16357421875 0.0771484375 0.11865234375
2 0.064453125 0.173828125 0.013671875 0.02001953125
5 0.36279296875 0.20166015625 0.06640625 0.169921875
1 0.52587890625 0.22802734375 0.04541015625 0.0556640625
5 0.49560546875 0.3310546875 0.10986328125 0.26318359375
0 0.36767578125 0.33447265625 0.07373046875 0.138671875
0 0.49560546875 0.37646484375 0.1875 0.21533203125
1 0.59228515625 0.40283203125 0.0634765625 0.07568359375
1 0.87451171875 0.42919921875 0.05517578125 0.076171875
3 0.638671875 0.45654296875 0.0498046875 0.06494140625
5 0.548828125 0.5244140625 0.15234375 0.31884765625
5 0.83642578125 0.54736328125 0.1494140625 0.31494140625
5 0.58935546875 0.587890625 0.1650390625 0.33154296875
0 0.5576171875 0.6328125 0.232421875 0.36181640625
0 0.82470703125 0.63427734375 0.2890625 0.3271484375
2 0.947265625 0.66796875 0.02294921875 0.03564453125
2 0.64453125 0.72900390625 0.0341796875 0.044921875
5 0.01953125 0.07373046875 0.03857421875 0.1474609375