5 0.12158203125 0.12451171875 0.0712890625 0.23486328125
0 0.1376953125 0.15771484375 0.14453125 0.17578125
5 0.03564453125 0.1591796875 0.06982421875 0.20458984375
0 0.04931640625 0.2236328125 0.09814453125 0.18798828125
2 0.0693359375 0.2294921875 0.02685546875 0.02099609375
3 0.13427734375 0.02734375 0.02734375 0.0390625
1 0.73681640625 0.33203125 0.05224609375 0.0634765625
3 0.912109375 0.35302734375 0.033203125 0.05908203125
3 0.94384765625 0.35546875 0.03564453125 0.0615234375
5 0.70751953125 0.4365234375 0.16015625 0.2724609375
5 0.87353515625 0.4638671875 0.107421875 0.28369140625
5 0.91455078125 0.46923828125 0.12255859375 0.287109375
0 0.69384765625 0.5185546875 0.22412109375 0.2978515625
0 0.88232421875 0.541015625 0.201171875 0.28857421875
2 0.79150390625 0.56201171875 0.02685546875 0.033203125
2 0.96533203125 0.578125 0.0234375 0.0322265625
3 0.0419921875 0.078125 0.02734375 0.04248046875