5 0.076171875 0.1171875 0.08349609375 0.2275390625
0 0.095703125 0.150390625 0.130859375 0.1796875
2 0.0380859375 0.2080078125 0.02392578125 0.02001953125
3 0.09423828125 0.02294921875 0.0302734375 0.0390625
0 0.029296875 0.22802734375 0.056640625 0.13818359375
3 0.7734375 0.279296875 0.0322265625 0.0576171875
1 0.642578125 0.28271484375 0.04931640625 0.06494140625
3 0.79833984375 0.28515625 0.0341796875 0.0517578125
5 0.7373046875 0.37744140625 0.10498046875 0.2548828125
5 0.60791015625 0.38525390625 0.12158203125 0.2705078125
5 0.7734375 0.38818359375 0.11376953125 0.2578125
0 0.76025390625 0.45849609375 0.15185546875 0.265625
0 0.6064453125 0.466796875 0.212890625 0.28857421875
2 0.693359375 0.50537109375 0.02685546875 0.03076171875
1 0.8427734375 0.53955078125 0.06640625 0.08837890625
3 0.896484375 0.59912109375 0.05126953125 0.07763671875
5 0.787109375 0.67236328125 0.1865234375 0.35400390625
5 0.84423828125 0.74755859375 0.1650390625 0.375
0 0.78955078125 0.78271484375 0.2822265625 0.39111328125
2 0.8955078125 0.908203125 0.03515625 0.04736328125