5 0.15185546875 0.1181640625 0.07177734375 0.14306640625
1 0.275390625 0.13037109375 0.03955078125 0.05029296875
5 0.10693359375 0.134765625 0.06884765625 0.16259765625
1 0.14306640625 0.15625 0.04052734375 0.05517578125
0 0.11767578125 0.1708984375 0.1044921875 0.1455078125
3 0.16552734375 0.1923828125 0.03564453125 0.0517578125
5 0.25048828125 0.21142578125 0.1015625 0.21435546875
1 0.3603515625 0.2119140625 0.044921875 0.05859375
5 0.1181640625 0.25146484375 0.08984375 0.244140625
1 0.8203125 0.259765625 0.0439453125 0.05517578125
0 0.25244140625 0.26708984375 0.138671875 0.1796875
5 0.1396484375 0.28369140625 0.10791015625 0.2333984375
5 0.33251953125 0.3095703125 0.123046875 0.25537109375
0 0.1337890625 0.3291015625 0.13037109375 0.23779296875
1 0.54052734375 0.33203125 0.0556640625 0.07421875
5 0.7861328125 0.36328125 0.11572265625 0.26220703125
0 0.33642578125 0.38232421875 0.1787109375 0.2470703125
2 0.169921875 0.3916015625 0.02783203125 0.03076171875
2 0.40966796875 0.404296875 0.02734375 0.0244140625
0 0.7841796875 0.44580078125 0.19189453125 0.2607421875
5 0.50732421875 0.45068359375 0.14990234375 0.31103515625
2 0.86669921875 0.47021484375 0.02392578125 0.0244140625
0 0.50244140625 0.5439453125 0.244140625 0.30078125
2 0.60595703125 0.56982421875 0.0322265625 0.041015625
3 0.150390625 0.06494140625 0.021484375 0.03759765625
3 0.13134765625 0.0703125 0.0224609375 0.0341796875