0 0.87353515625 0.76904296875 0.2529296875 0.36962890625
5 0.9091796875 0.6640625 0.181640625 0.357421875
1 0.96142578125 0.5322265625 0.06884765625 0.091796875
0 0.63330078125 0.53857421875 0.25390625 0.30419921875
5 0.634765625 0.455078125 0.154296875 0.2978515625
1 0.673828125 0.3427734375 0.0517578125 0.07080078125
2 0.7392578125 0.56787109375 0.0234375 0.03369140625
0 0.38671875 0.5087890625 0.1982421875 0.31396484375
5 0.4072265625 0.46923828125 0.13623046875 0.2998046875
5 0.37109375 0.41845703125 0.1376953125 0.296875
3 0.4482421875 0.3486328125 0.0439453125 0.05712890625
1 0.4091796875 0.3076171875 0.0576171875 0.07568359375
2 0.455078125 0.595703125 0.03515625 0.03857421875
0 0.2822265625 0.2919921875 0.09375 0.13671875
5 0.2939453125 0.17236328125 0.08154296875 0.162109375
5 0.2548828125 0.1669921875 0.04296875 0.14697265625
3 0.28662109375 0.111328125 0.0283203125 0.0419921875
3 0.2666015625 0.11279296875 0.02001953125 0.0390625