1 0.1552734375 0.16455078125 0.04345703125 0.0517578125
5 0.3662109375 0.17919921875 0.10009765625 0.22265625
5 0.06005859375 0.1884765625 0.10693359375 0.2236328125
1 0.73291015625 0.2236328125 0.03369140625 0.04736328125
0 0.068359375 0.232421875 0.1298828125 0.15966796875
0 0.369140625 0.24267578125 0.162109375 0.197265625
2 0.43408203125 0.2509765625 0.01806640625 0.02197265625
5 0.1318359375 0.26513671875 0.11767578125 0.2529296875
5 0.71435546875 0.27685546875 0.11083984375 0.15283203125
0 0.71240234375 0.32568359375 0.1708984375 0.12451171875
0 0.1376953125 0.3369140625 0.15087890625 0.24951171875
2 0.1943359375 0.35595703125 0.02978515625 0.02685546875
0 0.9462890625 0.564453125 0.107421875 0.244140625
1 0.89990234375 0.6552734375 0.06884765625 0.0966796875
5 0.85009765625 0.80224609375 0.1904296875 0.3955078125
0 0.8408203125 0.8544921875 0.31787109375 0.29052734375
1 0.38671875 0.08984375 0.03466796875 0.04345703125
1 0.0849609375 0.10009765625 0.03662109375 0.0458984375