1 0.47265625 0.11376953125 0.02880859375 0.03759765625
5 0.18701171875 0.12451171875 0.09130859375 0.20361328125
5 0.45166015625 0.15966796875 0.09912109375 0.12939453125
0 0.18408203125 0.17333984375 0.16650390625 0.15478515625
2 0.25732421875 0.1904296875 0.01611328125 0.0166015625
0 0.4560546875 0.19775390625 0.1162109375 0.1005859375
1 0.2822265625 0.28271484375 0.04638671875 0.06640625
1 0.7041015625 0.2880859375 0.04443359375 0.06005859375
5 0.68017578125 0.39697265625 0.12939453125 0.2744140625
5 0.26171875 0.4052734375 0.1240234375 0.3115234375
1 0.19970703125 0.04345703125 0.0322265625 0.0419921875
0 0.67919921875 0.47802734375 0.2119140625 0.28466796875
0 0.27294921875 0.50146484375 0.19921875 0.30419921875
2 0.76513671875 0.50341796875 0.02734375 0.03125
2 0.35107421875 0.5263671875 0.0341796875 0.03125