1 0.427734375 0.15087890625 0.033203125 0.0419921875
0 0.0546875 0.1552734375 0.10791015625 0.14111328125
1 0.619140625 0.15673828125 0.0322265625 0.04296875
1 0.04443359375 0.01708984375 0.03125 0.03369140625
3 0.63916015625 0.17626953125 0.02685546875 0.04052734375
1 0.13671875 0.197265625 0.0419921875 0.0556640625
5 0.4306640625 0.2099609375 0.07275390625 0.1591796875
5 0.59033203125 0.24462890625 0.09228515625 0.21923828125
5 0.60986328125 0.27197265625 0.10498046875 0.232421875
5 0.1181640625 0.3095703125 0.11474609375 0.28125
0 0.6015625 0.3154296875 0.12548828125 0.23681640625
2 0.4697265625 0.32958984375 0.02587890625 0.025390625
2 0.63818359375 0.3388671875 0.025390625 0.02197265625
0 0.4609375 0.34765625 0.0634765625 0.15234375
0 0.13427734375 0.39306640625 0.1533203125 0.26708984375
2 0.1845703125 0.40869140625 0.03173828125 0.0234375
5 0.03662109375 0.09228515625 0.07177734375 0.1845703125