5 0.1630859375 0.1484375 0.08837890625 0.24267578125
0 0.296875 0.18115234375 0.13720703125 0.1796875
0 0.166015625 0.19091796875 0.14697265625 0.19091796875
2 0.35498046875 0.19482421875 0.015625 0.01904296875
2 0.2255859375 0.197265625 0.02294921875 0.02197265625
1 0.24462890625 0.2744140625 0.044921875 0.07275390625
0 0.94970703125 0.32861328125 0.10009765625 0.205078125
5 0.8779296875 0.35888671875 0.08544921875 0.18603515625
5 0.2216796875 0.390625 0.126953125 0.3046875
3 0.6142578125 0.45068359375 0.05859375 0.08349609375
4 0.666015625 0.0478515625 0.080078125 0.095703125
0 0.2265625 0.4775390625 0.1708984375 0.30224609375
0 0.89404296875 0.482421875 0.1435546875 0.2802734375
1 0.1748046875 0.048828125 0.03125 0.04296875
2 0.2880859375 0.5263671875 0.0322265625 0.0302734375
4 0.78662109375 0.05615234375 0.0849609375 0.11181640625
2 0.94140625 0.55712890625 0.02001953125 0.02685546875
5 0.58251953125 0.59130859375 0.14697265625 0.3642578125
0 0.58203125 0.685546875 0.22998046875 0.3837890625
2 0.6630859375 0.76708984375 0.03271484375 0.04052734375