5 0.1533203125 0.14404296875 0.08935546875 0.2412109375
5 0.28955078125 0.1494140625 0.08154296875 0.2275390625
0 0.2939453125 0.1787109375 0.14501953125 0.1650390625
0 0.15380859375 0.1875 0.14990234375 0.18994140625
2 0.3544921875 0.19580078125 0.01806640625 0.01904296875
5 0.89404296875 0.228515625 0.078125 0.1455078125
1 0.216796875 0.25732421875 0.0439453125 0.06982421875
0 0.9033203125 0.29443359375 0.10791015625 0.1923828125
5 0.83544921875 0.3349609375 0.07421875 0.19189453125
2 0.9404296875 0.34130859375 0.0205078125 0.0234375
5 0.20166015625 0.37060546875 0.13623046875 0.29736328125
1 0.5615234375 0.4150390625 0.05419921875 0.076171875
1 0.1591796875 0.04345703125 0.03515625 0.041015625
0 0.85107421875 0.45751953125 0.130859375 0.27294921875
0 0.2021484375 0.458984375 0.16455078125 0.30322265625
2 0.2607421875 0.50390625 0.03173828125 0.02685546875
2 0.892578125 0.529296875 0.0224609375 0.0263671875
5 0.5302734375 0.54931640625 0.1416015625 0.34521484375
4 0.74365234375 0.0634765625 0.08544921875 0.126953125
0 0.53076171875 0.6484375 0.22509765625 0.37060546875
4 0.8544921875 0.07080078125 0.08837890625 0.13720703125
2 0.6083984375 0.72265625 0.03466796875 0.0380859375