0 0.486328125 0.61767578125 0.2197265625 0.37646484375
5 0.47900390625 0.5009765625 0.16943359375 0.31591796875
1 0.5126953125 0.3896484375 0.05322265625 0.09716796875
2 0.5615234375 0.68505859375 0.0302734375 0.02783203125
0 0.18408203125 0.44580078125 0.15869140625 0.2724609375
5 0.17919921875 0.330078125 0.13134765625 0.25537109375
1 0.2001953125 0.23583984375 0.052734375 0.06298828125
2 0.23583984375 0.48291015625 0.0322265625 0.02392578125
0 0.83837890625 0.2685546875 0.12255859375 0.17041015625
5 0.84326171875 0.203125 0.07958984375 0.13037109375
1 0.85498046875 0.15478515625 0.03076171875 0.03369140625
2 0.88427734375 0.3125 0.0185546875 0.017578125
0 0.142578125 0.173828125 0.1572265625 0.1748046875
5 0.14306640625 0.13916015625 0.09912109375 0.23486328125
1 0.15087890625 0.041015625 0.03955078125 0.03515625
0 0.291015625 0.16748046875 0.15771484375 0.142578125
5 0.29541015625 0.1396484375 0.0888671875 0.20166015625
1 0.30224609375 0.0576171875 0.02587890625 0.04150390625
2 0.35400390625 0.1953125 0.0185546875 0.01318359375