0 0.74462890625 0.625 0.2138671875 0.3193359375
5 0.755859375 0.53076171875 0.140625 0.33349609375
1 0.79833984375 0.3984375 0.05712890625 0.0693359375
5 0.83203125 0.537109375 0.15869140625 0.328125
3 0.87158203125 0.40966796875 0.04833984375 0.0771484375
2 0.8564453125 0.65576171875 0.02880859375 0.02880859375
0 0.224609375 0.625 0.16845703125 0.33740234375
5 0.21826171875 0.48486328125 0.14794921875 0.31005859375
1 0.25048828125 0.37451171875 0.05908203125 0.08251953125
2 0.27783203125 0.6611328125 0.0390625 0.04052734375
4 0.865234375 0.123046875 0.12841796875 0.212890625
4 0.732421875 0.0703125 0.08837890625 0.13720703125
4 0.5546875 0.046875 0.07861328125 0.08251953125
0 0.14306640625 0.3408203125 0.09619140625 0.23193359375
5 0.1474609375 0.2431640625 0.09228515625 0.21826171875
1 0.15185546875 0.16162109375 0.041015625 0.05859375
2 0.1689453125 0.37451171875 0.0263671875 0.02490234375
0 0.2744140625 0.201171875 0.15380859375 0.17041015625
5 0.26416015625 0.15576171875 0.08935546875 0.2099609375
1 0.2763671875 0.08056640625 0.03662109375 0.048828125