1 0.10888671875 0.11328125 0.03564453125 0.05126953125
5 0.9365234375 0.12451171875 0.060546875 0.173828125
5 0.19287109375 0.12841796875 0.08154296875 0.1865234375
5 0.10693359375 0.16650390625 0.080078125 0.1591796875
0 0.9365234375 0.18701171875 0.11376953125 0.14892578125
0 0.20703125 0.1953125 0.12939453125 0.1875
0 0.1025390625 0.24609375 0.07568359375 0.13330078125
1 0.14501953125 0.2607421875 0.0458984375 0.06396484375
1 0.603515625 0.28173828125 0.05078125 0.0712890625
3 0.6533203125 0.29638671875 0.0361328125 0.0576171875
5 0.12353515625 0.3798828125 0.1162109375 0.29931640625
5 0.57568359375 0.3955078125 0.11767578125 0.29833984375
5 0.6220703125 0.40625 0.1396484375 0.28076171875
0 0.12451171875 0.4833984375 0.11669921875 0.294921875
0 0.58447265625 0.48876953125 0.15625 0.287109375
2 0.158203125 0.505859375 0.03515625 0.0302734375
2 0.64404296875 0.51123046875 0.03076171875 0.033203125
1 0.833984375 0.56494140625 0.0673828125 0.09765625
1 0.9384765625 0.0595703125 0.02685546875 0.04443359375
1 0.2021484375 0.06005859375 0.03515625 0.0498046875
5 0.81591796875 0.673828125 0.123046875 0.31787109375
1 0.73193359375 0.75439453125 0.08984375 0.12060546875
0 0.65576171875 0.078125 0.08056640625 0.11865234375
0 0.81103515625 0.80908203125 0.2431640625 0.3818359375
5 0.689453125 0.84716796875 0.2431640625 0.3056640625
0 0.61669921875 0.88720703125 0.23876953125 0.22509765625
2 0.89501953125 0.9599609375 0.03955078125 0.05615234375