1 0.16455078125 0.26904296875 0.05322265625 0.07763671875
1 0.43212890625 0.2841796875 0.04638671875 0.0703125
5 0.15576171875 0.37158203125 0.11376953125 0.28125
5 0.40625 0.40234375 0.12158203125 0.30712890625
0 0.40087890625 0.45361328125 0.1513671875 0.22607421875
0 0.158203125 0.4638671875 0.130859375 0.30224609375
1 0.48876953125 0.47802734375 0.0703125 0.080078125
2 0.1845703125 0.53955078125 0.037109375 0.033203125
5 0.4404296875 0.6357421875 0.18212890625 0.39404296875
0 0.4404296875 0.75439453125 0.220703125 0.408203125
4 0.708984375 0.0810546875 0.09423828125 0.16162109375
2 0.521484375 0.8076171875 0.041015625 0.03857421875