1 0.13037109375 0.23583984375 0.04150390625 0.0673828125
1 0.36181640625 0.25146484375 0.0458984375 0.06884765625
5 0.34521484375 0.3203125 0.1142578125 0.20654296875
5 0.1240234375 0.3349609375 0.1142578125 0.265625
1 0.369140625 0.3779296875 0.0625 0.07666015625
0 0.12548828125 0.42041015625 0.12646484375 0.29345703125
0 0.3466796875 0.43505859375 0.1748046875 0.259765625
2 0.15478515625 0.494140625 0.03466796875 0.03271484375
5 0.33740234375 0.5283203125 0.16015625 0.375
0 0.3408203125 0.6279296875 0.1728515625 0.36181640625
2 0.3935546875 0.66845703125 0.04052734375 0.03271484375