1 0.0703125 0.16748046875 0.04345703125 0.0576171875
1 0.21923828125 0.1806640625 0.04345703125 0.0546875
5 0.228515625 0.2314453125 0.0732421875 0.15234375
1 0.20263671875 0.23583984375 0.0498046875 0.07177734375
5 0.068359375 0.259765625 0.09130859375 0.24267578125
3 0.86376953125 0.26416015625 0.037109375 0.0595703125
1 0.82763671875 0.26806640625 0.04296875 0.0634765625
0 0.06494140625 0.3349609375 0.1083984375 0.25341796875
3 0.61669921875 0.33837890625 0.04541015625 0.0732421875
3 0.6474609375 0.3583984375 0.03955078125 0.07568359375
5 0.791015625 0.3642578125 0.11572265625 0.25732421875
5 0.8427734375 0.3662109375 0.11865234375 0.2578125
5 0.189453125 0.37158203125 0.12353515625 0.3427734375
2 0.0888671875 0.396484375 0.02978515625 0.03173828125
0 0.2685546875 0.4052734375 0.05810546875 0.1826171875
5 0.57666015625 0.41162109375 0.125 0.21728515625
5 0.65869140625 0.4169921875 0.09521484375 0.19970703125
0 0.787109375 0.43408203125 0.1923828125 0.25390625
2 0.2724609375 0.4453125 0.03125 0.03662109375
3 0.61669921875 0.4501953125 0.05078125 0.07666015625
0 0.19970703125 0.45361328125 0.15087890625 0.3076171875
2 0.86572265625 0.46630859375 0.0224609375 0.0263671875
0 0.564453125 0.4765625 0.25732421875 0.24169921875
2 0.24072265625 0.4775390625 0.0361328125 0.0302734375
5 0.58544921875 0.591796875 0.15625 0.3583984375
0 0.5791015625 0.68603515625 0.27783203125 0.33740234375
4 0.62060546875 0.0693359375 0.1083984375 0.138671875
2 0.6884765625 0.72412109375 0.03662109375 0.04443359375
4 0.7890625 0.08056640625 0.138671875 0.1611328125