1 0.044921875 0.14111328125 0.03955078125 0.05126953125
1 0.1962890625 0.16943359375 0.037109375 0.05322265625
1 0.64892578125 0.17236328125 0.03173828125 0.05126953125
3 0.6748046875 0.173828125 0.02734375 0.04638671875
1 0.1650390625 0.20849609375 0.04443359375 0.06494140625
5 0.20751953125 0.23486328125 0.06884765625 0.18359375
5 0.0458984375 0.23583984375 0.09130859375 0.240234375
3 0.37841796875 0.25146484375 0.03076171875 0.0537109375
5 0.62109375 0.26025390625 0.09423828125 0.2265625
3 0.39697265625 0.26953125 0.0361328125 0.06689453125
5 0.65380859375 0.2734375 0.09326171875 0.24462890625
5 0.34716796875 0.30908203125 0.09716796875 0.169921875
0 0.62255859375 0.33203125 0.150390625 0.216796875
5 0.38427734375 0.337890625 0.17333984375 0.2041015625
0 0.0498046875 0.34814453125 0.08984375 0.16845703125
3 0.3974609375 0.35205078125 0.0380859375 0.06005859375
2 0.6767578125 0.35400390625 0.02294921875 0.02001953125
5 0.1552734375 0.3544921875 0.107421875 0.35693359375
2 0.06298828125 0.3623046875 0.029296875 0.0263671875
0 0.234375 0.3984375 0.07568359375 0.1787109375
0 0.359375 0.40966796875 0.20068359375 0.20556640625
2 0.2470703125 0.42724609375 0.03125 0.03466796875
0 0.16796875 0.427734375 0.14501953125 0.267578125
2 0.2080078125 0.4423828125 0.0341796875 0.02978515625
5 0.37841796875 0.51416015625 0.12939453125 0.38427734375
0 0.38818359375 0.57177734375 0.2353515625 0.29296875
2 0.47265625 0.6044921875 0.033203125 0.03515625
4 0.87060546875 0.08544921875 0.087890625 0.1708984375
4 0.775390625 0.1064453125 0.0947265625 0.1875