0 0.4853515625 0.62939453125 0.25830078125 0.3193359375
5 0.48486328125 0.52197265625 0.15234375 0.31787109375
3 0.5126953125 0.400390625 0.04248046875 0.0751953125
2 0.58349609375 0.66552734375 0.03662109375 0.03271484375
0 0.724609375 0.4013671875 0.1767578125 0.236328125
5 0.72021484375 0.333984375 0.10791015625 0.2548828125
1 0.7509765625 0.2333984375 0.0419921875 0.056640625
5 0.759765625 0.3232421875 0.12451171875 0.24609375
1 0.79443359375 0.23388671875 0.03857421875 0.06396484375
2 0.7900390625 0.42333984375 0.02587890625 0.0205078125
0 0.1884765625 0.435546875 0.154296875 0.29541015625
5 0.17822265625 0.3173828125 0.10986328125 0.255859375
1 0.19287109375 0.2275390625 0.048828125 0.076171875
2 0.22900390625 0.46337890625 0.03662109375 0.025390625
0 0.05908203125 0.3349609375 0.1083984375 0.17236328125
5 0.05908203125 0.24609375 0.0947265625 0.2294921875
1 0.06005859375 0.15966796875 0.04345703125 0.06201171875
2 0.0830078125 0.38525390625 0.03369140625 0.025390625
4 0.7978515625 0.11669921875 0.12841796875 0.189453125
4 0.95947265625 0.1240234375 0.0810546875 0.19140625
4 0.89501953125 0.08447265625 0.06640625 0.1435546875
4 0.63525390625 0.0390625 0.10595703125 0.07763671875