3 0.609375 0.140625 0.02734375 0.04150390625
1 0.0478515625 0.14111328125 0.0361328125 0.04638671875
1 0.5830078125 0.1416015625 0.02978515625 0.0478515625
1 0.1650390625 0.2080078125 0.05126953125 0.06982421875
5 0.5556640625 0.216796875 0.08837890625 0.19775390625
5 0.58837890625 0.234375 0.09228515625 0.228515625
5 0.0419921875 0.2373046875 0.083984375 0.23828125
0 0.55908203125 0.2919921875 0.126953125 0.201171875
2 0.609375 0.31103515625 0.02197265625 0.02001953125
0 0.04638671875 0.34521484375 0.0927734375 0.1689453125
3 0.400390625 0.349609375 0.0341796875 0.056640625
5 0.15234375 0.35791015625 0.1103515625 0.36962890625
2 0.06396484375 0.3623046875 0.029296875 0.02685546875
0 0.16845703125 0.41650390625 0.14306640625 0.2890625
2 0.2060546875 0.43994140625 0.0341796875 0.029296875
5 0.3740234375 0.51513671875 0.13623046875 0.38720703125
4 0.71435546875 0.05615234375 0.08203125 0.1123046875
0 0.3818359375 0.56689453125 0.234375 0.2939453125
2 0.4677734375 0.60400390625 0.02978515625 0.033203125
4 0.794921875 0.0615234375 0.078125 0.123046875