0 0.81396484375 0.86669921875 0.35986328125 0.26611328125
5 0.8203125 0.81689453125 0.18310546875 0.3623046875
1 0.8603515625 0.689453125 0.07275390625 0.10400390625
0 0.3798828125 0.5595703125 0.23388671875 0.310546875
5 0.37646484375 0.5146484375 0.1298828125 0.38623046875
3 0.39599609375 0.3505859375 0.041015625 0.06103515625
2 0.46533203125 0.60302734375 0.029296875 0.03564453125
4 0.79052734375 0.07763671875 0.1220703125 0.1552734375
4 0.63916015625 0.07373046875 0.08837890625 0.14697265625
0 0.1689453125 0.42138671875 0.14453125 0.2880859375
5 0.158203125 0.35986328125 0.12109375 0.3623046875
1 0.17578125 0.2080078125 0.04736328125 0.060546875
2 0.2099609375 0.43994140625 0.0341796875 0.02734375
0 0.04931640625 0.3427734375 0.080078125 0.16455078125
2 0.05908203125 0.357421875 0.03173828125 0.0244140625
5 0.0419921875 0.23388671875 0.08349609375 0.24462890625
1 0.0458984375 0.13818359375 0.037109375 0.052734375
0 0.4541015625 0.21875 0.10009765625 0.19970703125
5 0.43798828125 0.15380859375 0.0673828125 0.1796875
5 0.46826171875 0.16455078125 0.08984375 0.197265625
1 0.455078125 0.08837890625 0.03271484375 0.046875
1 0.48681640625 0.0859375 0.02978515625 0.03759765625
2 0.49072265625 0.23974609375 0.02001953125 0.01806640625
0 0.31494140625 0.4033203125 0.123046875 0.2177734375
5 0.3857421875 0.32421875 0.1376953125 0.1865234375
5 0.326171875 0.330078125 0.109375 0.22314453125
3 0.3623046875 0.2451171875 0.0322265625 0.052734375
3 0.38818359375 0.26025390625 0.03173828125 0.0576171875