0 0.60498046875 0.8056640625 0.3134765625 0.388671875
5 0.66162109375 0.7509765625 0.2470703125 0.353515625
5 0.61279296875 0.69921875 0.1982421875 0.37646484375
1 0.6669921875 0.5556640625 0.07080078125 0.0888671875
3 0.7451171875 0.61279296875 0.060546875 0.0771484375
2 0.728515625 0.9462890625 0.03271484375 0.05224609375
0 0.3271484375 0.52685546875 0.22119140625 0.29296875
5 0.322265625 0.47802734375 0.13525390625 0.39404296875
3 0.36279296875 0.31201171875 0.0361328125 0.0595703125
2 0.40478515625 0.56396484375 0.029296875 0.03125
0 0.12158203125 0.4267578125 0.0859375 0.16845703125
2 0.11962890625 0.4453125 0.03173828125 0.02294921875
5 0.119140625 0.29736328125 0.10009765625 0.279296875
1 0.1279296875 0.18603515625 0.0400390625 0.05615234375
4 0.79296875 0.08740234375 0.1044921875 0.1748046875
4 0.8701171875 0.08642578125 0.07861328125 0.17236328125
4 0.97802734375 0.09765625 0.04345703125 0.15966796875