1 0.1220703125 0.19482421875 0.0390625 0.0498046875
3 0.1259765625 0.2314453125 0.03125 0.0498046875
1 0.32568359375 0.24560546875 0.04296875 0.068359375
5 0.115234375 0.259765625 0.10888671875 0.1806640625
5 0.10546875 0.326171875 0.1279296875 0.2392578125
5 0.29833984375 0.35693359375 0.13037109375 0.29296875
0 0.10595703125 0.3994140625 0.09521484375 0.2412109375
0 0.30126953125 0.4599609375 0.15576171875 0.2841796875
2 0.1181640625 0.46435546875 0.0302734375 0.03125
2 0.3447265625 0.529296875 0.0322265625 0.0234375
4 0.88330078125 0.07177734375 0.0771484375 0.1435546875
4 0.962890625 0.10888671875 0.07373046875 0.1689453125