5 0.09033203125 0.1494140625 0.0751953125 0.20068359375
3 0.20849609375 0.15576171875 0.0322265625 0.04833984375
0 0.09375 0.19482421875 0.10986328125 0.17138671875
5 0.19189453125 0.2451171875 0.111328125 0.2275390625
0 0.19970703125 0.3125 0.13427734375 0.2373046875
2 0.2431640625 0.33154296875 0.025390625 0.02587890625
1 0.92138671875 0.4814453125 0.06201171875 0.0927734375
5 0.87109375 0.6240234375 0.16796875 0.37841796875
1 0.0966796875 0.0673828125 0.0244140625 0.037109375
0 0.8564453125 0.75146484375 0.287109375 0.36328125
2 0.9853515625 0.78515625 0.029296875 0.041015625