5 0.02734375 0.11376953125 0.0537109375 0.16455078125
5 0.19482421875 0.18408203125 0.091796875 0.18798828125
1 0.33056640625 0.22265625 0.044921875 0.0576171875
0 0.0361328125 0.2421875 0.07177734375 0.1279296875
2 0.048828125 0.2529296875 0.02197265625 0.01904296875
0 0.2001953125 0.26953125 0.13232421875 0.23388671875
5 0.30126953125 0.32763671875 0.13623046875 0.267578125
2 0.23974609375 0.33203125 0.0263671875 0.02392578125
0 0.32373046875 0.40771484375 0.162109375 0.265625
2 0.37744140625 0.4267578125 0.03076171875 0.03125
4 0.80126953125 0.05224609375 0.06884765625 0.10400390625
1 0.0234375 0.05810546875 0.0322265625 0.0517578125
4 0.685546875 0.08740234375 0.0966796875 0.17431640625
3 0.20263671875 0.11279296875 0.0263671875 0.04638671875