5 0.7744140625 0.15771484375 0.0859375 0.13232421875
5 0.740234375 0.15869140625 0.08056640625 0.1572265625
0 0.71728515625 0.21044921875 0.1064453125 0.14697265625
3 0.88720703125 0.2841796875 0.04150390625 0.06103515625
3 0.9072265625 0.31494140625 0.03076171875 0.05126953125
5 0.857421875 0.3720703125 0.1025390625 0.23583984375
5 0.8818359375 0.3828125 0.0966796875 0.1875
0 0.857421875 0.45263671875 0.14501953125 0.2509765625
2 0.90478515625 0.51708984375 0.02685546875 0.025390625
3 0.76611328125 0.10107421875 0.0244140625 0.0419921875
3 0.796875 0.10888671875 0.021484375 0.03564453125