1 0.0986328125 0.14013671875 0.0361328125 0.0576171875
5 0.71923828125 0.15234375 0.0732421875 0.15625
5 0.75244140625 0.1533203125 0.07568359375 0.1357421875
0 0.72509765625 0.2021484375 0.14453125 0.150390625
5 0.09765625 0.2353515625 0.08544921875 0.24658203125
0 0.10302734375 0.3193359375 0.091796875 0.21630859375
2 0.12109375 0.330078125 0.0322265625 0.0302734375
3 0.39013671875 0.4404296875 0.041015625 0.0673828125
5 0.35107421875 0.55810546875 0.1533203125 0.30078125
1 0.80419921875 0.62939453125 0.07568359375 0.10205078125
0 0.3603515625 0.65771484375 0.20361328125 0.376953125
2 0.4248046875 0.7626953125 0.04248046875 0.04638671875
5 0.7529296875 0.77783203125 0.201171875 0.39599609375
0 0.736328125 0.84375 0.34326171875 0.31201171875
3 0.74072265625 0.0927734375 0.0234375 0.03759765625
2 0.87939453125 0.9521484375 0.02587890625 0.0439453125
3 0.77294921875 0.103515625 0.02294921875 0.037109375