5 0.7451171875 0.16064453125 0.091796875 0.14990234375
5 0.7119140625 0.16064453125 0.078125 0.1787109375
0 0.7236328125 0.201171875 0.13037109375 0.1552734375
2 0.02587890625 0.2265625 0.0263671875 0.02685546875
0 0.0234375 0.24658203125 0.04638671875 0.140625
3 0.2294921875 0.2939453125 0.03173828125 0.046875
5 0.2060546875 0.396484375 0.12939453125 0.251953125
1 0.53369140625 0.45556640625 0.05419921875 0.07861328125
0 0.21240234375 0.48486328125 0.13134765625 0.31787109375
2 0.24365234375 0.56884765625 0.037109375 0.03564453125
5 0.486328125 0.58935546875 0.1708984375 0.3466796875
0 0.48388671875 0.6943359375 0.24462890625 0.3671875
2 0.58154296875 0.74267578125 0.03564453125 0.0380859375
3 0.7333984375 0.09033203125 0.0244140625 0.03759765625
3 0.7734375 0.1025390625 0.021484375 0.03173828125