5 0.05224609375 0.14990234375 0.08984375 0.19140625
0 0.0390625 0.201171875 0.0703125 0.1484375
1 0.498046875 0.4794921875 0.06103515625 0.0849609375
4 0.640625 0.05615234375 0.0908203125 0.11181640625
5 0.44580078125 0.671875 0.1806640625 0.46923828125
1 0.65234375 0.68994140625 0.07958984375 0.099609375
0 0.4404296875 0.7109375 0.31884765625 0.3251953125
3 0.74169921875 0.73291015625 0.06396484375 0.08984375
1 0.06982421875 0.078125 0.0341796875 0.04833984375
5 0.59912109375 0.8203125 0.2001953125 0.359375
5 0.70361328125 0.8447265625 0.1708984375 0.310546875
0 0.58447265625 0.87548828125 0.4111328125 0.2490234375