0 0.20654296875 0.41943359375 0.11962890625 0.29541015625
5 0.20849609375 0.33935546875 0.119140625 0.27197265625
1 0.22705078125 0.234375 0.0439453125 0.06201171875
2 0.2373046875 0.45166015625 0.03369140625 0.02783203125
0 0.07568359375 0.296875 0.099609375 0.26171875
5 0.072265625 0.23486328125 0.08837890625 0.2119140625
2 0.09765625 0.36083984375 0.03076171875 0.029296875
3 0.07958984375 0.1484375 0.0283203125 0.03955078125
0 0.693359375 0.1884765625 0.11328125 0.16357421875
5 0.70947265625 0.15234375 0.0859375 0.15869140625
5 0.677734375 0.13916015625 0.0810546875 0.15966796875
3 0.7353515625 0.09130859375 0.0224609375 0.03564453125
3 0.69482421875 0.08056640625 0.0244140625 0.041015625
4 0.76611328125 0.06103515625 0.0947265625 0.12060546875