1 0.19677734375 0.3095703125 0.04931640625 0.06591796875
5 0.166015625 0.43359375 0.13623046875 0.31494140625
4 0.677734375 0.04443359375 0.07373046875 0.0888671875
1 0.25830078125 0.474609375 0.05615234375 0.07666015625
0 0.1591796875 0.47802734375 0.154296875 0.244140625
3 0.30419921875 0.50732421875 0.05078125 0.0712890625
5 0.21240234375 0.6044921875 0.1494140625 0.34033203125
5 0.25830078125 0.6591796875 0.1806640625 0.376953125
0 0.23193359375 0.7099609375 0.234375 0.39990234375
4 0.85595703125 0.07373046875 0.07958984375 0.1474609375
2 0.30322265625 0.77001953125 0.0322265625 0.03759765625
4 0.91015625 0.11279296875 0.10205078125 0.18359375