1 0.0693359375 0.17431640625 0.037109375 0.05126953125
3 0.73828125 0.18359375 0.029296875 0.04345703125
3 0.07373046875 0.193359375 0.02978515625 0.04638671875
3 0.7763671875 0.1962890625 0.03125 0.04638671875
5 0.06591796875 0.22607421875 0.0966796875 0.1552734375
5 0.71240234375 0.26123046875 0.0888671875 0.19970703125
5 0.0537109375 0.2900390625 0.1015625 0.2392578125
1 0.2041015625 0.29150390625 0.048828125 0.07177734375
5 0.75732421875 0.29443359375 0.0869140625 0.24365234375
0 0.71875 0.33447265625 0.15771484375 0.2333984375
0 0.0654296875 0.3583984375 0.0751953125 0.21435546875
2 0.78466796875 0.36181640625 0.0234375 0.021484375
2 0.0732421875 0.36572265625 0.03076171875 0.02587890625
5 0.1875 0.41845703125 0.1220703125 0.328125
4 0.66357421875 0.05126953125 0.09228515625 0.10205078125
0 0.185546875 0.5185546875 0.119140625 0.3017578125
2 0.22412109375 0.546875 0.03662109375 0.0302734375
3 0.5 0.6396484375 0.06787109375 0.0966796875
4 0.74072265625 0.064453125 0.07666015625 0.12890625
5 0.46923828125 0.79541015625 0.20263671875 0.40869140625
0 0.47607421875 0.86328125 0.3076171875 0.2734375