3 0.599609375 0.14404296875 0.0283203125 0.04052734375
4 0.9365234375 0.1630859375 0.1201171875 0.21923828125
5 0.58740234375 0.2041015625 0.0859375 0.16064453125
3 0.81103515625 0.2158203125 0.02783203125 0.0400390625
1 0.0927734375 0.22998046875 0.041015625 0.05810546875
3 0.83935546875 0.232421875 0.03125 0.046875
0 0.599609375 0.2509765625 0.11181640625 0.12841796875
3 0.09765625 0.25341796875 0.033203125 0.05224609375
2 0.0224609375 0.26904296875 0.02734375 0.02294921875
0 0.02001953125 0.28466796875 0.0390625 0.14404296875
5 0.0849609375 0.287109375 0.095703125 0.17333984375
5 0.78076171875 0.31201171875 0.09033203125 0.2333984375
5 0.82177734375 0.3349609375 0.09521484375 0.25439453125
5 0.06591796875 0.3564453125 0.13037109375 0.2626953125
1 0.2646484375 0.3583984375 0.0478515625 0.07275390625
0 0.79052734375 0.37939453125 0.15478515625 0.23046875
2 0.85302734375 0.404296875 0.025390625 0.0244140625
0 0.08203125 0.4189453125 0.0869140625 0.26318359375
2 0.09228515625 0.44091796875 0.03662109375 0.029296875
5 0.23681640625 0.4970703125 0.14306640625 0.3505859375
0 0.2373046875 0.6015625 0.14453125 0.34521484375
2 0.27783203125 0.64111328125 0.0400390625 0.03173828125