1 0.07666015625 0.18994140625 0.04248046875 0.0546875
3 0.7607421875 0.193359375 0.03125 0.04296875
3 0.798828125 0.2060546875 0.0341796875 0.04541015625
3 0.0810546875 0.2138671875 0.0341796875 0.04931640625
5 0.07421875 0.2373046875 0.09765625 0.14990234375
5 0.736328125 0.26806640625 0.087890625 0.193359375
5 0.7783203125 0.30908203125 0.08984375 0.251953125
1 0.2216796875 0.3115234375 0.048828125 0.06982421875
5 0.05712890625 0.3154296875 0.1142578125 0.25244140625
0 0.74072265625 0.353515625 0.16162109375 0.2255859375
0 0.0693359375 0.36962890625 0.087890625 0.23828125
2 0.80908203125 0.375 0.02294921875 0.02001953125
2 0.07861328125 0.388671875 0.03173828125 0.0263671875
5 0.20068359375 0.439453125 0.12744140625 0.3271484375
4 0.64599609375 0.05224609375 0.162109375 0.1044921875
0 0.2001953125 0.54345703125 0.13037109375 0.32080078125
2 0.240234375 0.57470703125 0.0380859375 0.0283203125
3 0.603515625 0.70556640625 0.07373046875 0.09765625
5 0.56591796875 0.828125 0.22265625 0.34375
0 0.54052734375 0.896484375 0.28369140625 0.20654296875