0 0.9052734375 0.7275390625 0.189453125 0.3369140625
5 0.9384765625 0.64697265625 0.123046875 0.3623046875
0 0.65869140625 0.68603515625 0.2802734375 0.373046875
5 0.65234375 0.62548828125 0.1630859375 0.4365234375
3 0.69384765625 0.4462890625 0.04296875 0.080078125
2 0.76611328125 0.78271484375 0.02099609375 0.03662109375
0 0.26318359375 0.66845703125 0.16259765625 0.38037109375
5 0.2568359375 0.56005859375 0.15087890625 0.3486328125
1 0.2802734375 0.42431640625 0.05224609375 0.0771484375
2 0.30615234375 0.72509765625 0.041015625 0.03271484375
4 0.95654296875 0.10009765625 0.0869140625 0.15283203125