0 0.90625 0.65771484375 0.1875 0.20166015625
0 0.537109375 0.89990234375 0.189453125 0.2001953125
5 0.609375 0.85009765625 0.22509765625 0.2998046875
1 0.67626953125 0.75341796875 0.0712890625 0.10400390625
0 0.33203125 0.54541015625 0.25830078125 0.33349609375
5 0.3232421875 0.48681640625 0.14453125 0.3955078125
3 0.35791015625 0.32275390625 0.04638671875 0.06640625
0 0.111328125 0.38818359375 0.12109375 0.25146484375
5 0.1064453125 0.30419921875 0.1083984375 0.2744140625
1 0.1220703125 0.1962890625 0.04248046875 0.05859375
2 0.13720703125 0.41064453125 0.03271484375 0.02685546875
4 0.81787109375 0.10107421875 0.1044921875 0.189453125