1 0.0126953125 0.12548828125 0.0244140625 0.05224609375
5 0.56787109375 0.17041015625 0.08935546875 0.14892578125
5 0.5458984375 0.171875 0.07666015625 0.1826171875
0 0.5458984375 0.203125 0.13330078125 0.12744140625
5 0.02001953125 0.20458984375 0.03857421875 0.2060546875
3 0.34619140625 0.25732421875 0.0322265625 0.05419921875
1 0.28759765625 0.26220703125 0.0478515625 0.06640625
2 0.05029296875 0.3046875 0.02978515625 0.0263671875
0 0.03515625 0.32958984375 0.06640625 0.15966796875
5 0.2734375 0.3720703125 0.10205078125 0.2841796875
5 0.3310546875 0.3818359375 0.1337890625 0.30224609375
5 0.1689453125 0.42724609375 0.12158203125 0.296875
0 0.30322265625 0.4609375 0.171875 0.2587890625
2 0.376953125 0.48681640625 0.02490234375 0.02978515625
0 0.17529296875 0.52001953125 0.15673828125 0.31884765625
1 0.3671875 0.58056640625 0.06494140625 0.09814453125
3 0.453125 0.59814453125 0.0615234375 0.08740234375
5 0.40234375 0.755859375 0.201171875 0.4072265625
5 0.3193359375 0.7646484375 0.18212890625 0.46826171875
0 0.3427734375 0.81884765625 0.25390625 0.36181640625
2 0.43408203125 0.94189453125 0.04150390625 0.04345703125
1 0.56787109375 0.10400390625 0.03125 0.0458984375
3 0.595703125 0.11279296875 0.0224609375 0.03662109375