0 0.43017578125 0.8544921875 0.2880859375 0.29052734375
5 0.5 0.8173828125 0.22412109375 0.365234375
5 0.4248046875 0.8017578125 0.1962890625 0.396484375
3 0.5595703125 0.68212890625 0.0595703125 0.0947265625
1 0.47265625 0.658203125 0.0732421875 0.10498046875
0 0.34033203125 0.48828125 0.2314453125 0.2763671875
5 0.3857421875 0.39892578125 0.146484375 0.29833984375
5 0.30615234375 0.43115234375 0.140625 0.3623046875
2 0.44140625 0.50537109375 0.021484375 0.02978515625
3 0.3994140625 0.27978515625 0.03662109375 0.05859375
1 0.34326171875 0.283203125 0.04443359375 0.06591796875
0 0.19091796875 0.55029296875 0.158203125 0.34375
5 0.1845703125 0.4541015625 0.126953125 0.32763671875
3 0.197265625 0.32470703125 0.04052734375 0.0693359375
0 0.0498046875 0.33837890625 0.099609375 0.2216796875
5 0.0400390625 0.2451171875 0.076171875 0.24267578125
1 0.04248046875 0.14794921875 0.03662109375 0.0478515625
2 0.07568359375 0.3369140625 0.0302734375 0.02587890625