0 0.41845703125 0.7880859375 0.22509765625 0.423828125
2 0.4892578125 0.87890625 0.044921875 0.03955078125
5 0.4453125 0.732421875 0.15869140625 0.42138671875
5 0.38720703125 0.67822265625 0.1630859375 0.40673828125
3 0.45166015625 0.56298828125 0.05126953125 0.08154296875
3 0.4404296875 0.51904296875 0.05517578125 0.0869140625
0 0.15185546875 0.5849609375 0.15087890625 0.34765625
5 0.16748046875 0.4912109375 0.17236328125 0.31787109375
5 0.12451171875 0.5146484375 0.11474609375 0.39892578125
2 0.181640625 0.638671875 0.0390625 0.03125
3 0.19775390625 0.36376953125 0.03662109375 0.0615234375
1 0.15625 0.34765625 0.05029296875 0.06591796875
0 0.0703125 0.39501953125 0.11376953125 0.26025390625
5 0.068359375 0.296875 0.10546875 0.24853515625
3 0.07080078125 0.1962890625 0.02880859375 0.0478515625
0 0.361328125 0.15576171875 0.1259765625 0.16943359375
2 0.41357421875 0.16357421875 0.017578125 0.015625
5 0.36376953125 0.08935546875 0.08056640625 0.1728515625
1 0.380859375 0.02490234375 0.0302734375 0.0439453125
1 0.60986328125 0.04296875 0.0849609375 0.0859375