1 0.32421875 0.013671875 0.02783203125 0.02685546875
0 0.3203125 0.130859375 0.0986328125 0.162109375
2 0.35302734375 0.138671875 0.01806640625 0.01806640625
3 0.064453125 0.19482421875 0.03076171875 0.05029296875
5 0.064453125 0.29150390625 0.10107421875 0.24365234375
1 0.14404296875 0.32958984375 0.05517578125 0.08349609375
3 0.18359375 0.3427734375 0.04443359375 0.06396484375
0 0.0615234375 0.38134765625 0.10400390625 0.22314453125
5 0.126953125 0.44970703125 0.09814453125 0.32080078125
5 0.16015625 0.45947265625 0.15283203125 0.29736328125
3 0.419921875 0.4921875 0.0546875 0.0888671875
4 0.70263671875 0.0498046875 0.08544921875 0.099609375
3 0.43115234375 0.5380859375 0.0498046875 0.08251953125
0 0.1435546875 0.56591796875 0.126953125 0.3173828125
2 0.1630859375 0.6044921875 0.03955078125 0.03076171875
5 0.3720703125 0.63037109375 0.15380859375 0.36865234375
5 0.423828125 0.70068359375 0.15283203125 0.40771484375
5 0.30859375 0.07421875 0.076171875 0.1484375
0 0.39892578125 0.77001953125 0.2060546875 0.4453125
1 0.75048828125 0.77783203125 0.08642578125 0.1181640625
3 0.83935546875 0.814453125 0.06787109375 0.1015625
2 0.4619140625 0.84521484375 0.0439453125 0.03955078125
5 0.68359375 0.85888671875 0.23046875 0.2822265625
5 0.83642578125 0.8818359375 0.103515625 0.236328125
0 0.64306640625 0.92431640625 0.33642578125 0.1513671875