5 0.134765625 0.123046875 0.08203125 0.17041015625
0 0.13623046875 0.189453125 0.0986328125 0.18212890625
2 0.16845703125 0.21533203125 0.0263671875 0.025390625
1 0.115234375 0.27197265625 0.04541015625 0.06005859375
3 0.15087890625 0.29052734375 0.03857421875 0.048828125
5 0.09228515625 0.3916015625 0.091796875 0.2998046875
5 0.12646484375 0.4111328125 0.146484375 0.2900390625
3 0.36279296875 0.4267578125 0.048828125 0.06689453125
3 0.37060546875 0.45849609375 0.0458984375 0.0751953125
0 0.115234375 0.4912109375 0.11865234375 0.32861328125
4 0.61474609375 0.05126953125 0.0908203125 0.1025390625
2 0.1328125 0.53955078125 0.0361328125 0.02783203125
5 0.31982421875 0.58349609375 0.13623046875 0.38037109375
1 0.15234375 0.060546875 0.03076171875 0.0439453125
5 0.36083984375 0.61328125 0.13427734375 0.3857421875
0 0.3427734375 0.701171875 0.18798828125 0.40185546875
2 0.3935546875 0.7490234375 0.0419921875 0.03515625
5 0.560546875 0.78857421875 0.2041015625 0.3837890625
0 0.5263671875 0.8173828125 0.23046875 0.365234375