5 0.14892578125 0.14697265625 0.08837890625 0.1904296875
0 0.1533203125 0.21630859375 0.10888671875 0.19775390625
2 0.19189453125 0.2294921875 0.02490234375 0.02392578125
1 0.11572265625 0.275390625 0.0439453125 0.0595703125
3 0.150390625 0.28955078125 0.0390625 0.052734375
5 0.09228515625 0.400390625 0.09130859375 0.30908203125
5 0.12841796875 0.41064453125 0.14111328125 0.29541015625
1 0.35986328125 0.419921875 0.05419921875 0.07568359375
4 0.57470703125 0.04345703125 0.0869140625 0.0869140625
3 0.37353515625 0.45703125 0.044921875 0.06640625
0 0.1201171875 0.486328125 0.11083984375 0.3388671875
2 0.134765625 0.54052734375 0.03662109375 0.0283203125
4 0.69873046875 0.0556640625 0.087890625 0.1083984375
1 0.529296875 0.6015625 0.0615234375 0.08642578125
5 0.29638671875 0.6083984375 0.1630859375 0.451171875
5 0.35986328125 0.61572265625 0.134765625 0.38330078125
3 0.6162109375 0.654296875 0.044921875 0.07958984375
0 0.34375 0.69970703125 0.18408203125 0.40478515625
1 0.169921875 0.07373046875 0.0322265625 0.044921875
2 0.39453125 0.74853515625 0.04052734375 0.033203125
5 0.5146484375 0.763671875 0.16455078125 0.41162109375
5 0.5703125 0.80029296875 0.1953125 0.3720703125
0 0.521484375 0.83984375 0.24462890625 0.31982421875