0 0.53857421875 0.84716796875 0.2470703125 0.3056640625
5 0.5703125 0.79931640625 0.2060546875 0.365234375
3 0.619140625 0.66162109375 0.05078125 0.08984375
5 0.5205078125 0.77099609375 0.16455078125 0.416015625
1 0.53564453125 0.60693359375 0.06591796875 0.08935546875
0 0.34228515625 0.69970703125 0.1884765625 0.38916015625
5 0.35888671875 0.61572265625 0.1474609375 0.38623046875
5 0.318359375 0.587890625 0.1298828125 0.3984375
2 0.39404296875 0.75 0.04248046875 0.0341796875
3 0.37548828125 0.458984375 0.0458984375 0.07373046875
3 0.35693359375 0.42822265625 0.05126953125 0.078125
0 0.10693359375 0.5068359375 0.1357421875 0.3173828125
2 0.1357421875 0.5390625 0.03564453125 0.0302734375
5 0.123046875 0.41015625 0.1572265625 0.294921875
5 0.0927734375 0.39453125 0.0986328125 0.302734375
3 0.15283203125 0.2900390625 0.04248046875 0.0546875
1 0.119140625 0.27392578125 0.0458984375 0.060546875
0 0.17431640625 0.234375 0.13134765625 0.21630859375
5 0.17041015625 0.17431640625 0.09619140625 0.22705078125
2 0.22021484375 0.244140625 0.02587890625 0.0244140625
1 0.193359375 0.0810546875 0.03173828125 0.041015625
4 0.63427734375 0.06201171875 0.09228515625 0.12353515625