1 0.36767578125 0.1552734375 0.04345703125 0.0478515625
5 0.34375 0.24462890625 0.09765625 0.22705078125
1 0.1220703125 0.2734375 0.0478515625 0.06396484375
0 0.3408203125 0.29052734375 0.17529296875 0.16455078125
3 0.14794921875 0.291015625 0.044921875 0.06396484375
5 0.0966796875 0.3916015625 0.0986328125 0.30078125
5 0.12939453125 0.40869140625 0.1396484375 0.29638671875
3 0.3564453125 0.4169921875 0.04833984375 0.0830078125
3 0.3740234375 0.45263671875 0.04541015625 0.0712890625
0 0.10986328125 0.49755859375 0.12744140625 0.31201171875
2 0.13525390625 0.5400390625 0.0361328125 0.02685546875
5 0.31640625 0.59228515625 0.1298828125 0.43408203125
5 0.361328125 0.61083984375 0.14794921875 0.38916015625
1 0.57861328125 0.650390625 0.0654296875 0.10009765625
0 0.34375 0.6943359375 0.1865234375 0.404296875
3 0.65771484375 0.6982421875 0.04736328125 0.0908203125
2 0.3935546875 0.748046875 0.04150390625 0.0322265625
5 0.5234375 0.80029296875 0.21484375 0.3994140625
5 0.60546875 0.82568359375 0.201171875 0.3486328125
0 0.548828125 0.85595703125 0.31396484375 0.2880859375