4 0.94482421875 0.13427734375 0.1103515625 0.21435546875
1 0.05712890625 0.2216796875 0.04296875 0.05712890625
3 0.10107421875 0.23095703125 0.03369140625 0.048828125
5 0.04052734375 0.33203125 0.08056640625 0.27978515625
5 0.07421875 0.34326171875 0.1376953125 0.2724609375
3 0.33984375 0.40234375 0.05810546875 0.0849609375
0 0.05908203125 0.42138671875 0.1181640625 0.28076171875
3 0.34228515625 0.4443359375 0.04443359375 0.07666015625
2 0.08544921875 0.4580078125 0.03271484375 0.02587890625
1 0.56103515625 0.5068359375 0.05908203125 0.0771484375
3 0.5498046875 0.552734375 0.0439453125 0.080078125
5 0.30517578125 0.58984375 0.1416015625 0.46044921875
5 0.337890625 0.59130859375 0.138671875 0.3701171875
5 0.53271484375 0.591796875 0.1533203125 0.24951171875
0 0.32275390625 0.66943359375 0.18603515625 0.3984375
5 0.52001953125 0.697265625 0.16455078125 0.37109375
2 0.375 0.720703125 0.03955078125 0.0322265625
0 0.51806640625 0.78466796875 0.12451171875 0.3994140625