1 0.044921875 0.15673828125 0.03662109375 0.05126953125
3 0.06201171875 0.17236328125 0.03466796875 0.0439453125
5 0.0458984375 0.26220703125 0.0908203125 0.26123046875
5 0.05126953125 0.27099609375 0.1005859375 0.24072265625
2 0.033203125 0.369140625 0.02978515625 0.0244140625
3 0.310546875 0.3779296875 0.0380859375 0.06298828125
0 0.03662109375 0.38330078125 0.06884765625 0.15771484375
3 0.322265625 0.40234375 0.04052734375 0.068359375
1 0.53759765625 0.4697265625 0.05517578125 0.072265625
3 0.53857421875 0.51025390625 0.04736328125 0.07568359375
5 0.27001953125 0.5205078125 0.12353515625 0.345703125
5 0.31201171875 0.55029296875 0.1328125 0.36376953125
4 0.859375 0.05859375 0.08154296875 0.11669921875
5 0.5029296875 0.6259765625 0.17333984375 0.384765625
0 0.294921875 0.6279296875 0.17333984375 0.37109375
5 0.5146484375 0.65087890625 0.15234375 0.357421875
2 0.34228515625 0.67236328125 0.0400390625 0.033203125
0 0.50634765625 0.7568359375 0.1044921875 0.35498046875