1 0.07373046875 0.2470703125 0.04296875 0.05859375
3 0.1181640625 0.25537109375 0.033203125 0.0498046875
5 0.0595703125 0.337890625 0.0791015625 0.24169921875
5 0.09619140625 0.3681640625 0.12841796875 0.2763671875
3 0.3076171875 0.44140625 0.0419921875 0.060546875
3 0.35107421875 0.4501953125 0.04150390625 0.07421875
0 0.08056640625 0.45849609375 0.1220703125 0.28173828125
2 0.10693359375 0.49169921875 0.03369140625 0.02783203125
1 0.53515625 0.529296875 0.06689453125 0.0751953125
5 0.29150390625 0.578125 0.09521484375 0.33349609375
3 0.5654296875 0.5830078125 0.044921875 0.08837890625
5 0.34765625 0.603515625 0.14013671875 0.3798828125
5 0.52294921875 0.6416015625 0.13037109375 0.30029296875
0 0.333984375 0.68212890625 0.18505859375 0.4013671875
5 0.53515625 0.7255859375 0.1259765625 0.3720703125
2 0.38134765625 0.7333984375 0.04443359375 0.03369140625
0 0.525390625 0.79345703125 0.14404296875 0.4130859375
4 0.84375 0.09619140625 0.1083984375 0.1748046875