0 0.25732421875 0.5625 0.1611328125 0.37451171875
5 0.2685546875 0.50048828125 0.12646484375 0.37060546875
3 0.27294921875 0.35107421875 0.0390625 0.06884765625
2 0.29345703125 0.60986328125 0.0390625 0.025390625
5 0.251953125 0.4375 0.14111328125 0.28173828125
0 0.4697265625 0.6650390625 0.1806640625 0.3291015625
5 0.4619140625 0.5703125 0.134765625 0.3955078125
1 0.47998046875 0.41064453125 0.05859375 0.07666015625
5 0.4765625 0.607421875 0.1708984375 0.35302734375
3 0.51123046875 0.46142578125 0.04931640625 0.064453125
0 0.6552734375 0.89306640625 0.396484375 0.2138671875
5 0.62353515625 0.8623046875 0.2294921875 0.275390625
1 0.66943359375 0.7890625 0.09716796875 0.13037109375
5 0.77685546875 0.87451171875 0.16015625 0.2509765625
3 0.81689453125 0.80615234375 0.0732421875 0.11474609375
0 0.0400390625 0.283203125 0.0791015625 0.16455078125
5 0.03955078125 0.16064453125 0.0791015625 0.16650390625
1 0.02587890625 0.09521484375 0.02734375 0.04638671875
5 0.044921875 0.1494140625 0.0791015625 0.1474609375
3 0.05126953125 0.1025390625 0.0341796875 0.04736328125
2 0.033203125 0.275390625 0.02685546875 0.01953125