3 0.26123046875 0.3369140625 0.03759765625 0.064453125
1 0.4638671875 0.39404296875 0.05419921875 0.080078125
3 0.4970703125 0.43359375 0.0478515625 0.0751953125
5 0.2529296875 0.4736328125 0.11669921875 0.33544921875
0 0.25 0.55078125 0.14892578125 0.34375
5 0.47119140625 0.56884765625 0.1474609375 0.34521484375
5 0.42724609375 0.57373046875 0.13525390625 0.4404296875
2 0.2841796875 0.5888671875 0.03759765625 0.03173828125
0 0.4462890625 0.63427734375 0.17529296875 0.31982421875
1 0.59765625 0.74365234375 0.08154296875 0.11669921875
3 0.73681640625 0.748046875 0.0703125 0.10302734375
5 0.55419921875 0.84228515625 0.2080078125 0.3154296875
5 0.66552734375 0.8486328125 0.2158203125 0.302734375
0 0.521484375 0.89306640625 0.29248046875 0.21337890625