3 0.89404296875 0.158203125 0.0283203125 0.04052734375
3 0.09375 0.16552734375 0.037109375 0.04931640625
3 0.9326171875 0.1806640625 0.02587890625 0.03857421875
3 0.11376953125 0.18212890625 0.03466796875 0.05419921875
1 0.43505859375 0.21875 0.04736328125 0.0703125
5 0.873046875 0.24365234375 0.07861328125 0.21337890625
5 0.904296875 0.25 0.08837890625 0.17724609375
5 0.0703125 0.2646484375 0.08349609375 0.2509765625
0 0.87109375 0.2783203125 0.13330078125 0.20947265625
5 0.1025390625 0.294921875 0.09765625 0.2802734375
2 0.92236328125 0.3203125 0.01708984375 0.0185546875
3 0.2587890625 0.328125 0.03857421875 0.0595703125
1 0.21875 0.330078125 0.04931640625 0.06787109375
5 0.4130859375 0.3466796875 0.11865234375 0.32666015625
0 0.0869140625 0.3486328125 0.134765625 0.28125
2 0.130859375 0.380859375 0.0322265625 0.0283203125
4 0.76025390625 0.03857421875 0.0712890625 0.0771484375
0 0.4208984375 0.390625 0.2041015625 0.2509765625
5 0.20361328125 0.4501953125 0.08984375 0.3056640625
5 0.2314453125 0.4609375 0.134765625 0.32275390625
1 0.48779296875 0.46728515625 0.0546875 0.0810546875
0 0.2236328125 0.57275390625 0.13671875 0.33984375
5 0.462890625 0.60009765625 0.142578125 0.34765625
2 0.2490234375 0.60888671875 0.03955078125 0.03466796875
0 0.4658203125 0.72607421875 0.16845703125 0.36669921875
2 0.50732421875 0.8037109375 0.04296875 0.03759765625
4 0.9521484375 0.1083984375 0.0947265625 0.185546875