3 0.0224609375 0.12109375 0.033203125 0.04345703125
3 0.0439453125 0.13427734375 0.02978515625 0.04541015625
1 0.3291015625 0.16064453125 0.041015625 0.05419921875
5 0.0224609375 0.1728515625 0.0439453125 0.1474609375
5 0.77880859375 0.181640625 0.0693359375 0.16796875
5 0.80712890625 0.2021484375 0.08544921875 0.162109375
5 0.03955078125 0.236328125 0.0771484375 0.2509765625
0 0.7763671875 0.236328125 0.12939453125 0.1865234375
5 0.3125 0.255859375 0.10888671875 0.24462890625
1 0.1865234375 0.25927734375 0.0380859375 0.05615234375
3 0.21923828125 0.2607421875 0.033203125 0.05224609375
2 0.82666015625 0.27294921875 0.013671875 0.01513671875
2 0.0654296875 0.31640625 0.0283203125 0.02099609375
0 0.3173828125 0.32177734375 0.134765625 0.22119140625
4 0.7197265625 0.0341796875 0.0634765625 0.06689453125
0 0.04541015625 0.34130859375 0.0908203125 0.1552734375
1 0.39697265625 0.35009765625 0.04931640625 0.068359375
5 0.16796875 0.36865234375 0.08251953125 0.2744140625
5 0.1923828125 0.3720703125 0.1142578125 0.27685546875
4 0.6474609375 0.04345703125 0.08251953125 0.0869140625
0 0.1884765625 0.48291015625 0.12548828125 0.291015625
2 0.20361328125 0.50390625 0.03662109375 0.02978515625
5 0.36669921875 0.50537109375 0.15478515625 0.38037109375
0 0.37890625 0.56982421875 0.14111328125 0.3115234375
2 0.41064453125 0.65234375 0.03955078125 0.03125
1 0.51318359375 0.654296875 0.0712890625 0.1044921875
5 0.45556640625 0.796875 0.2158203125 0.39013671875
0 0.4482421875 0.86083984375 0.3173828125 0.27783203125