1 0.7783203125 0.115234375 0.0244140625 0.037109375
1 0.25927734375 0.125 0.04248046875 0.056640625
5 0.72412109375 0.1640625 0.07666015625 0.17431640625
5 0.7529296875 0.173828125 0.08740234375 0.154296875
5 0.10986328125 0.1826171875 0.09716796875 0.2041015625
5 0.08544921875 0.1884765625 0.06982421875 0.236328125
3 0.1826171875 0.2021484375 0.0341796875 0.0537109375
5 0.25048828125 0.20703125 0.08935546875 0.220703125
1 0.15576171875 0.20849609375 0.03466796875 0.05517578125
0 0.72509765625 0.212890625 0.119140625 0.16943359375
0 0.09814453125 0.23193359375 0.1083984375 0.16064453125
2 0.76953125 0.24658203125 0.01513671875 0.01708984375
0 0.2578125 0.283203125 0.10986328125 0.208984375
1 0.35595703125 0.2919921875 0.04638671875 0.072265625
5 0.14306640625 0.3076171875 0.0751953125 0.25341796875
5 0.16748046875 0.30810546875 0.10546875 0.26513671875
2 0.287109375 0.33984375 0.0283203125 0.02392578125
5 0.34130859375 0.37939453125 0.11474609375 0.24658203125
0 0.1689453125 0.41845703125 0.1123046875 0.26904296875
2 0.181640625 0.42724609375 0.03466796875 0.02880859375
1 0.310546875 0.50146484375 0.06396484375 0.099609375
0 0.3408203125 0.51025390625 0.11962890625 0.29345703125
4 0.810546875 0.0556640625 0.07421875 0.11083984375
5 0.26513671875 0.640625 0.19287109375 0.3779296875
0 0.2724609375 0.77099609375 0.23828125 0.41259765625
1 0.8271484375 0.8212890625 0.0869140625 0.12548828125
2 0.3515625 0.82763671875 0.03955078125 0.0400390625
5 0.7744140625 0.87890625 0.23291015625 0.2421875
0 0.71875 0.93359375 0.16357421875 0.13232421875
1 0.103515625 0.09423828125 0.0322265625 0.0458984375
1 0.74169921875 0.095703125 0.02587890625 0.037109375
1 0.12548828125 0.1025390625 0.0302734375 0.04248046875
4 0.92626953125 0.10595703125 0.10791015625 0.19140625