3 0.84912109375 0.1396484375 0.02490234375 0.0380859375
3 0.06640625 0.14794921875 0.03271484375 0.0537109375
3 0.890625 0.158203125 0.021484375 0.03466796875
3 0.0859375 0.1630859375 0.029296875 0.04736328125
1 0.3916015625 0.19482421875 0.0400390625 0.064453125
5 0.8310546875 0.21826171875 0.07666015625 0.1943359375
5 0.86083984375 0.2255859375 0.08349609375 0.17041015625
5 0.0419921875 0.25537109375 0.08251953125 0.26806640625
0 0.8291015625 0.26123046875 0.1259765625 0.185546875
5 0.07763671875 0.2724609375 0.08642578125 0.265625
2 0.87939453125 0.2998046875 0.01611328125 0.0166015625
5 0.3740234375 0.30078125 0.10791015625 0.27587890625
3 0.2421875 0.30517578125 0.0380859375 0.06591796875
1 0.20263671875 0.30517578125 0.04541015625 0.06396484375
0 0.06689453125 0.33984375 0.13232421875 0.2314453125
2 0.10302734375 0.35400390625 0.02880859375 0.02197265625
0 0.37890625 0.3603515625 0.1787109375 0.2275390625
1 0.443359375 0.412109375 0.056640625 0.0830078125
5 0.1884765625 0.423828125 0.08544921875 0.30615234375
5 0.2119140625 0.4287109375 0.1220703125 0.30859375
4 0.80810546875 0.048828125 0.0673828125 0.09765625
0 0.20751953125 0.54052734375 0.12548828125 0.3203125
5 0.41845703125 0.5615234375 0.13671875 0.3857421875
2 0.2265625 0.5673828125 0.03857421875 0.03369140625
0 0.42431640625 0.654296875 0.15673828125 0.3740234375
2 0.46435546875 0.73193359375 0.041015625 0.03466796875
1 0.72705078125 0.8076171875 0.09130859375 0.12109375
5 0.65771484375 0.87451171875 0.23876953125 0.2509765625
0 0.591796875 0.935546875 0.27734375 0.12890625