0 0.49609375 0.818359375 0.259765625 0.36279296875
5 0.49609375 0.72314453125 0.197265625 0.37744140625
1 0.54150390625 0.58642578125 0.06689453125 0.10400390625
0 0.16748046875 0.607421875 0.14111328125 0.34521484375
5 0.17041015625 0.45654296875 0.13525390625 0.28515625
1 0.1904296875 0.353515625 0.0478515625 0.0791015625
0 0.2861328125 0.4267578125 0.109375 0.2783203125
5 0.28857421875 0.29638671875 0.10302734375 0.2314453125
1 0.29833984375 0.21826171875 0.0478515625 0.06591796875
2 0.3037109375 0.4541015625 0.03125 0.0263671875
0 0.84423828125 0.34326171875 0.16748046875 0.2333984375
5 0.84619140625 0.2626953125 0.09228515625 0.1923828125
1 0.86572265625 0.1923828125 0.0517578125 0.0537109375
0 0.6572265625 0.17626953125 0.10791015625 0.1650390625
5 0.6552734375 0.1318359375 0.06982421875 0.14990234375
3 0.6748046875 0.0732421875 0.025390625 0.02978515625
5 0.68701171875 0.14013671875 0.083984375 0.1376953125
3 0.70556640625 0.08837890625 0.02197265625 0.03369140625
0 0.11328125 0.306640625 0.11376953125 0.1767578125
5 0.12548828125 0.22802734375 0.0986328125 0.20947265625
3 0.1396484375 0.1484375 0.03759765625 0.0556640625
2 0.14501953125 0.34814453125 0.02978515625 0.0234375
5 0.10302734375 0.2353515625 0.07763671875 0.2021484375
1 0.11083984375 0.1572265625 0.03076171875 0.0458984375