5 0.62890625 0.115234375 0.07275390625 0.13525390625
1 0.21337890625 0.125 0.03466796875 0.05322265625
5 0.55078125 0.12646484375 0.076171875 0.13671875
0 0.62548828125 0.181640625 0.07080078125 0.11083984375
5 0.06640625 0.181640625 0.0869140625 0.2158203125
0 0.5634765625 0.205078125 0.11083984375 0.18212890625
5 0.203125 0.23291015625 0.091796875 0.26904296875
1 0.1162109375 0.236328125 0.04541015625 0.05859375
0 0.060546875 0.25341796875 0.0849609375 0.18994140625
0 0.20751953125 0.30224609375 0.0908203125 0.21484375
2 0.2265625 0.3251953125 0.02685546875 0.021484375
5 0.103515625 0.35107421875 0.1171875 0.28857421875
1 0.31494140625 0.39404296875 0.05224609375 0.07177734375
0 0.099609375 0.4375 0.1142578125 0.29052734375
2 0.12353515625 0.466796875 0.03271484375 0.02587890625
3 0.6201171875 0.0498046875 0.01953125 0.0322265625
5 0.30029296875 0.52880859375 0.14892578125 0.34375
3 0.64697265625 0.06201171875 0.0185546875 0.02783203125
0 0.30126953125 0.6376953125 0.17138671875 0.3818359375
2 0.34326171875 0.7490234375 0.0419921875 0.04150390625
3 0.56396484375 0.07666015625 0.0224609375 0.037109375
5 0.61181640625 0.091796875 0.05029296875 0.1171875
3 0.0791015625 0.09521484375 0.03076171875 0.0419921875