0 0.5908203125 0.1494140625 0.0966796875 0.1572265625
1 0.07958984375 0.17333984375 0.037109375 0.0556640625
5 0.16064453125 0.181640625 0.0791015625 0.22900390625
0 0.1630859375 0.248046875 0.08544921875 0.197265625
2 0.185546875 0.27587890625 0.0263671875 0.02001953125
5 0.0634765625 0.2783203125 0.1015625 0.2646484375
1 0.22412109375 0.29638671875 0.04638671875 0.0693359375
0 0.0693359375 0.357421875 0.08544921875 0.2412109375
2 0.08251953125 0.38037109375 0.02978515625 0.02294921875
3 0.5947265625 0.0400390625 0.02294921875 0.0361328125
5 0.21826171875 0.416015625 0.125 0.30712890625
3 0.6259765625 0.052734375 0.02099609375 0.0302734375
0 0.2216796875 0.533203125 0.13134765625 0.279296875
2 0.248046875 0.6103515625 0.03955078125 0.037109375
1 0.169921875 0.0908203125 0.03271484375 0.04736328125
5 0.5859375 0.09765625 0.06298828125 0.15087890625
5 0.61083984375 0.10693359375 0.0732421875 0.13916015625