5 0.60400390625 0.1142578125 0.0771484375 0.15625
5 0.02587890625 0.14697265625 0.05078125 0.1591796875
0 0.59033203125 0.1513671875 0.09912109375 0.154296875
2 0.625 0.17529296875 0.015625 0.01416015625
0 0.02392578125 0.28466796875 0.046875 0.1474609375
2 0.0205078125 0.30322265625 0.0283203125 0.0263671875
3 0.59814453125 0.03662109375 0.0224609375 0.033203125
1 0.29833984375 0.48974609375 0.064453125 0.08984375
3 0.62060546875 0.0517578125 0.0185546875 0.033203125
3 0.34326171875 0.53857421875 0.04443359375 0.07275390625
5 0.25146484375 0.6455078125 0.16162109375 0.40087890625
5 0.302734375 0.685546875 0.20751953125 0.3671875
0 0.2685546875 0.76220703125 0.16650390625 0.408203125
4 0.693359375 0.08349609375 0.09326171875 0.1669921875
2 0.306640625 0.8505859375 0.04443359375 0.03759765625
1 0.0126953125 0.091796875 0.0234375 0.0458984375
5 0.58740234375 0.09619140625 0.0615234375 0.15234375