4 0.96337890625 0.12744140625 0.07275390625 0.158203125
1 0.76318359375 0.1650390625 0.044921875 0.05859375
1 0.09033203125 0.2001953125 0.037109375 0.05078125
3 0.11328125 0.224609375 0.03076171875 0.0458984375
5 0.75048828125 0.228515625 0.09423828125 0.18798828125
5 0.06201171875 0.30615234375 0.09716796875 0.2646484375
0 0.76416015625 0.31689453125 0.1279296875 0.2138671875
5 0.09423828125 0.32373046875 0.13330078125 0.248046875
2 0.8154296875 0.3427734375 0.021484375 0.0234375
0 0.07666015625 0.38525390625 0.10400390625 0.287109375
2 0.09619140625 0.43505859375 0.03125 0.02978515625