0 0.76904296875 0.720703125 0.36474609375 0.32470703125
5 0.78369140625 0.63916015625 0.14892578125 0.39892578125
1 0.8125 0.48388671875 0.0771484375 0.08740234375
0 0.09228515625 0.50146484375 0.14501953125 0.294921875
5 0.10009765625 0.39111328125 0.13232421875 0.31591796875
3 0.11767578125 0.2705078125 0.04541015625 0.068359375
2 0.1474609375 0.57080078125 0.03125 0.033203125
0 0.22705078125 0.4619140625 0.13037109375 0.294921875
5 0.224609375 0.34765625 0.10888671875 0.23046875
1 0.23388671875 0.26220703125 0.04296875 0.06494140625
2 0.26953125 0.490234375 0.03515625 0.0302734375
0 0.30029296875 0.25244140625 0.1943359375 0.158203125
5 0.294921875 0.19580078125 0.1064453125 0.2041015625
1 0.31982421875 0.123046875 0.037109375 0.05615234375
5 0.35302734375 0.220703125 0.091796875 0.22509765625
3 0.3701171875 0.1298828125 0.029296875 0.04736328125
0 0.662109375 0.27294921875 0.14208984375 0.16552734375
5 0.6630859375 0.1923828125 0.07666015625 0.16015625
1 0.6748046875 0.13671875 0.0380859375 0.048828125
2 0.7158203125 0.29150390625 0.015625 0.01513671875