5 0.1953125 0.1591796875 0.103515625 0.17578125
5 0.24462890625 0.17529296875 0.08837890625 0.1923828125
3 0.056640625 0.2109375 0.03955078125 0.06396484375
3 0.1708984375 0.21533203125 0.041015625 0.05322265625
0 0.20703125 0.2451171875 0.17041015625 0.2109375
2 0.275390625 0.26025390625 0.0234375 0.0224609375
5 0.16845703125 0.31298828125 0.10107421875 0.24853515625
5 0.048828125 0.33203125 0.09521484375 0.3037109375
0 0.17431640625 0.4013671875 0.11279296875 0.265625
0 0.0576171875 0.4267578125 0.11279296875 0.28564453125
2 0.19482421875 0.42919921875 0.033203125 0.02587890625
1 0.6103515625 0.43701171875 0.07177734375 0.0791015625
2 0.080078125 0.49658203125 0.0322265625 0.0322265625
5 0.5791015625 0.587890625 0.162109375 0.3818359375
0 0.56982421875 0.69091796875 0.38037109375 0.3017578125
1 0.22021484375 0.0927734375 0.03173828125 0.04345703125
3 0.2607421875 0.09814453125 0.02685546875 0.0361328125