1 0.37451171875 0.1396484375 0.037109375 0.05615234375
3 0.419921875 0.14013671875 0.0322265625 0.044921875
1 0.81103515625 0.193359375 0.03759765625 0.05224609375
5 0.40625 0.22021484375 0.09033203125 0.20654296875
5 0.34912109375 0.22509765625 0.10498046875 0.22705078125
0 0.35302734375 0.2607421875 0.20166015625 0.14892578125
5 0.7841796875 0.2763671875 0.10888671875 0.21728515625
1 0.27587890625 0.29248046875 0.05078125 0.076171875
3 0.17578125 0.31298828125 0.0419921875 0.0712890625
0 0.78466796875 0.34423828125 0.189453125 0.212890625
2 0.85595703125 0.35595703125 0.01708984375 0.0244140625
5 0.26611328125 0.3798828125 0.0947265625 0.2490234375
5 0.14111328125 0.44091796875 0.142578125 0.32470703125
0 0.27197265625 0.49267578125 0.1494140625 0.3056640625
1 0.90576171875 0.505859375 0.07421875 0.0947265625
2 0.318359375 0.52978515625 0.037109375 0.02978515625
0 0.15673828125 0.5546875 0.1748046875 0.341796875
2 0.20947265625 0.6396484375 0.03271484375 0.02685546875
5 0.86865234375 0.65625 0.1630859375 0.39599609375
0 0.83984375 0.75439453125 0.3203125 0.3447265625