5 0.0478515625 0.193359375 0.0888671875 0.22998046875
0 0.0556640625 0.259765625 0.08740234375 0.23388671875
2 0.0693359375 0.27490234375 0.02587890625 0.0205078125
1 0.9287109375 0.4560546875 0.05615234375 0.07666015625
1 0.38330078125 0.56103515625 0.0654296875 0.08837890625
5 0.89501953125 0.5751953125 0.15234375 0.31494140625
0 0.86669921875 0.63916015625 0.2666015625 0.22412109375
5 0.33984375 0.7080078125 0.1845703125 0.38134765625
0 0.353515625 0.80029296875 0.23681640625 0.39892578125
2 0.43359375 0.8916015625 0.04443359375 0.044921875
1 0.05810546875 0.10302734375 0.03271484375 0.048828125