0 0.5126953125 0.52294921875 0.23974609375 0.2939453125
5 0.5048828125 0.41259765625 0.1357421875 0.3056640625
1 0.54443359375 0.2998046875 0.0556640625 0.0830078125
5 0.55712890625 0.421875 0.15087890625 0.32666015625
3 0.59814453125 0.3115234375 0.04736328125 0.07373046875
0 0.1328125 0.4599609375 0.1171875 0.2998046875
5 0.1298828125 0.33740234375 0.10693359375 0.22265625
1 0.140625 0.2529296875 0.04736328125 0.056640625
2 0.150390625 0.47705078125 0.0390625 0.02392578125
0 0.87060546875 0.5966796875 0.2587890625 0.16796875
5 0.896484375 0.53564453125 0.1826171875 0.2578125
1 0.92578125 0.44580078125 0.05615234375 0.078125