1 0.08447265625 0.13671875 0.0390625 0.046875
3 0.27001953125 0.138671875 0.03515625 0.04541015625
1 0.4462890625 0.1953125 0.04052734375 0.0595703125
5 0.0947265625 0.228515625 0.09375 0.232421875
5 0.265625 0.24072265625 0.10693359375 0.24853515625
2 0.01806640625 0.3017578125 0.0361328125 0.01318359375
0 0.25634765625 0.302734375 0.11572265625 0.23974609375
5 0.42138671875 0.30712890625 0.11669921875 0.283203125
0 0.10009765625 0.31201171875 0.080078125 0.21875
2 0.10205078125 0.314453125 0.02880859375 0.02197265625
0 0.0263671875 0.33154296875 0.0517578125 0.21728515625
0 0.431640625 0.38525390625 0.15478515625 0.265625
2 0.48681640625 0.4033203125 0.02880859375 0.0244140625