1 0.107421875 0.17138671875 0.0361328125 0.04833984375
1 0.36572265625 0.19921875 0.041015625 0.05908203125
3 0.39111328125 0.21630859375 0.0439453125 0.05810546875
5 0.10302734375 0.275390625 0.09912109375 0.25634765625
1 0.6044921875 0.287109375 0.0458984375 0.0693359375
5 0.3310546875 0.3232421875 0.1123046875 0.3056640625
5 0.37548828125 0.3310546875 0.14111328125 0.28759765625
0 0.10595703125 0.337890625 0.10595703125 0.24560546875
2 0.111328125 0.3662109375 0.03271484375 0.02587890625
0 0.34619140625 0.3984375 0.1669921875 0.271484375
5 0.57421875 0.4091796875 0.1435546875 0.3125
0 0.5771484375 0.47119140625 0.2109375 0.24853515625
2 0.666015625 0.51806640625 0.03076171875 0.0302734375