0 0.5859375 0.86572265625 0.28125 0.2685546875
5 0.5712890625 0.796875 0.205078125 0.40625
3 0.62255859375 0.642578125 0.0693359375 0.09375
0 0.38037109375 0.34521484375 0.1533203125 0.25
5 0.365234375 0.27490234375 0.11962890625 0.2734375
1 0.39111328125 0.166015625 0.0400390625 0.05615234375
2 0.43359375 0.361328125 0.02978515625 0.02392578125
0 0.21875 0.2744140625 0.1064453125 0.228515625
5 0.2275390625 0.21435546875 0.111328125 0.26318359375
5 0.20361328125 0.22119140625 0.0693359375 0.2958984375
3 0.23388671875 0.10693359375 0.03955078125 0.0478515625
3 0.22265625 0.09814453125 0.02978515625 0.04931640625
0 0.09814453125 0.31787109375 0.0673828125 0.1572265625
2 0.0947265625 0.28955078125 0.0302734375 0.02392578125
5 0.0859375 0.20751953125 0.07421875 0.224609375
1 0.08056640625 0.119140625 0.03466796875 0.046875
0 0.037109375 0.37158203125 0.07421875 0.234375
5 0.04296875 0.20263671875 0.08349609375 0.16259765625
3 0.01904296875 0.1513671875 0.03076171875 0.05908203125
2 0.04248046875 0.337890625 0.04345703125 0.01513671875