5 0.1962890625 0.166015625 0.103515625 0.1943359375
5 0.357421875 0.18798828125 0.0830078125 0.2236328125
5 0.3291015625 0.18994140625 0.0712890625 0.22998046875
3 0.201171875 0.228515625 0.03564453125 0.0537109375
0 0.34423828125 0.251953125 0.103515625 0.19384765625
0 0.21142578125 0.25341796875 0.14697265625 0.1953125
2 0.263671875 0.25927734375 0.02490234375 0.0224609375
2 0.3798828125 0.26953125 0.02685546875 0.02197265625
5 0.1923828125 0.30712890625 0.10888671875 0.208984375
3 0.10302734375 0.3154296875 0.03662109375 0.0712890625
5 0.10400390625 0.4609375 0.12548828125 0.3623046875
0 0.2109375 0.49560546875 0.10888671875 0.21484375
2 0.10595703125 0.57666015625 0.05419921875 0.0185546875
0 0.107421875 0.60205078125 0.1357421875 0.30908203125
1 0.216796875 0.0927734375 0.03466796875 0.04736328125
1 0.34765625 0.0966796875 0.033203125 0.04296875
3 0.375 0.09716796875 0.02587890625 0.04296875