5 0.2294921875 0.1171875 0.06396484375 0.20263671875
5 0.25390625 0.1171875 0.07763671875 0.1923828125
3 0.0888671875 0.12939453125 0.03369140625 0.0478515625
1 0.4208984375 0.15234375 0.04150390625 0.05615234375
0 0.24755859375 0.17724609375 0.10009765625 0.17626953125
2 0.27978515625 0.18701171875 0.01953125 0.01611328125
0 0.0791015625 0.20068359375 0.158203125 0.1748046875
2 0.14501953125 0.20361328125 0.0205078125 0.0224609375
5 0.40478515625 0.2099609375 0.09619140625 0.17138671875
5 0.08349609375 0.23779296875 0.09619140625 0.26513671875
0 0.39599609375 0.24951171875 0.11181640625 0.11376953125
0 0.087890625 0.32177734375 0.1162109375 0.25927734375
1 0.2451171875 0.03662109375 0.029296875 0.0419921875
3 0.26611328125 0.03759765625 0.01806640625 0.03369140625
3 0.16845703125 0.45458984375 0.044921875 0.087890625
1 0.91015625 0.4677734375 0.0537109375 0.0791015625
1 0.080078125 0.05615234375 0.02978515625 0.044921875
5 0.86767578125 0.59130859375 0.166015625 0.32421875
5 0.16650390625 0.63037109375 0.1767578125 0.4404296875
0 0.87744140625 0.70361328125 0.216796875 0.37109375
2 0.18798828125 0.779296875 0.06494140625 0.02197265625
0 0.15625 0.7900390625 0.16162109375 0.4091796875
2 0.95654296875 0.810546875 0.02978515625 0.0439453125
5 0.064453125 0.1083984375 0.08935546875 0.150390625