4 0.95947265625 0.1435546875 0.0810546875 0.169921875
1 0.5009765625 0.146484375 0.0400390625 0.0537109375
3 0.53759765625 0.16259765625 0.02978515625 0.048828125
5 0.32177734375 0.173828125 0.078125 0.19189453125
1 0.39892578125 0.18017578125 0.03955078125 0.05908203125
3 0.4296875 0.193359375 0.029296875 0.0478515625
5 0.484375 0.20068359375 0.078125 0.1630859375
1 0.2373046875 0.21435546875 0.046875 0.068359375
1 0.09423828125 0.22314453125 0.044921875 0.064453125
5 0.52197265625 0.22607421875 0.11572265625 0.17529296875
5 0.3759765625 0.24462890625 0.08984375 0.1875
5 0.416015625 0.251953125 0.1142578125 0.1669921875
0 0.31298828125 0.25390625 0.1064453125 0.15771484375
1 0.419921875 0.27197265625 0.0439453125 0.0615234375
5 0.22607421875 0.28759765625 0.10546875 0.21142578125
5 0.10009765625 0.30419921875 0.10693359375 0.2255859375
0 0.37744140625 0.31591796875 0.10498046875 0.1708984375
2 0.5361328125 0.32177734375 0.02783203125 0.0283203125
3 0.22021484375 0.33544921875 0.03857421875 0.06298828125
0 0.5107421875 0.341796875 0.087890625 0.1689453125
5 0.4013671875 0.38818359375 0.1279296875 0.29541015625
0 0.23876953125 0.4052734375 0.12890625 0.2529296875
0 0.09033203125 0.431640625 0.1005859375 0.24951171875
2 0.115234375 0.4580078125 0.03662109375 0.0322265625
5 0.21142578125 0.46435546875 0.125 0.32275390625
0 0.4072265625 0.4921875 0.14208984375 0.31640625
1 0.64697265625 0.5068359375 0.05712890625 0.07666015625
2 0.45068359375 0.525390625 0.0361328125 0.03759765625
3 0.66552734375 0.5419921875 0.05517578125 0.07666015625
0 0.21240234375 0.560546875 0.1416015625 0.32568359375
2 0.25634765625 0.59326171875 0.041015625 0.03564453125
5 0.6064453125 0.615234375 0.1416015625 0.294921875
5 0.63427734375 0.67626953125 0.17626953125 0.34765625
0 0.60986328125 0.748046875 0.18115234375 0.4091796875
1 0.89501953125 0.83935546875 0.09912109375 0.12890625
2 0.66064453125 0.87109375 0.0458984375 0.0419921875
5 0.82763671875 0.88818359375 0.24853515625 0.2236328125
4 0.82470703125 0.09130859375 0.16748046875 0.1826171875
0 0.7646484375 0.9375 0.19921875 0.125
1 0.33447265625 0.099609375 0.03125 0.0439453125