0 0.291015625 0.6708984375 0.1796875 0.37646484375
5 0.28369140625 0.5322265625 0.15234375 0.30029296875
3 0.30517578125 0.42138671875 0.0419921875 0.07568359375
2 0.34716796875 0.7109375 0.046875 0.03759765625
0 0.12109375 0.46728515625 0.13671875 0.26416015625
5 0.13037109375 0.35888671875 0.1220703125 0.244140625
3 0.1298828125 0.2646484375 0.03857421875 0.05615234375
2 0.154296875 0.50439453125 0.0361328125 0.0361328125
0 0.4521484375 0.55029296875 0.169921875 0.298828125
5 0.4423828125 0.4169921875 0.13427734375 0.27294921875
1 0.45458984375 0.32080078125 0.046875 0.07861328125
2 0.50244140625 0.58251953125 0.037109375 0.03564453125
0 0.75927734375 0.85693359375 0.2451171875 0.2861328125
5 0.74609375 0.80908203125 0.18115234375 0.38134765625
1 0.79833984375 0.67236328125 0.07177734375 0.107421875
5 0.79052734375 0.8349609375 0.2080078125 0.330078125
3 0.8349609375 0.724609375 0.0634765625 0.109375