1 0.21923828125 0.11376953125 0.0341796875 0.0498046875
3 0.58935546875 0.15869140625 0.029296875 0.04931640625
5 0.02978515625 0.17041015625 0.05908203125 0.181640625
5 0.2119140625 0.1943359375 0.09619140625 0.2099609375
1 0.3681640625 0.259765625 0.0419921875 0.0673828125
0 0.2177734375 0.27197265625 0.111328125 0.21142578125
5 0.5615234375 0.279296875 0.0966796875 0.29052734375
3 0.77734375 0.28125 0.033203125 0.05322265625
3 0.4072265625 0.28515625 0.03759765625 0.0703125
2 0.02392578125 0.28662109375 0.02587890625 0.02294921875
2 0.2568359375 0.298828125 0.02734375 0.02783203125
0 0.025390625 0.30078125 0.04931640625 0.14208984375
1 0.30322265625 0.314453125 0.05029296875 0.0703125
0 0.56396484375 0.314453125 0.17041015625 0.2412109375
2 0.6328125 0.3251953125 0.021484375 0.01953125
5 0.3642578125 0.328125 0.0693359375 0.20068359375
1 0.140625 0.34228515625 0.0478515625 0.0703125
5 0.39111328125 0.38037109375 0.09765625 0.25634765625
5 0.744140625 0.3857421875 0.12158203125 0.26318359375
0 0.744140625 0.4287109375 0.2001953125 0.19970703125
5 0.11376953125 0.458984375 0.13671875 0.30419921875
5 0.27392578125 0.466796875 0.13818359375 0.375
1 0.5810546875 0.48779296875 0.05859375 0.09765625
0 0.3818359375 0.48876953125 0.0849609375 0.19873046875
2 0.39892578125 0.5283203125 0.0341796875 0.02978515625
0 0.28857421875 0.53759765625 0.15625 0.3251953125
0 0.119140625 0.546875 0.1201171875 0.33251953125
2 0.32470703125 0.5771484375 0.03857421875 0.03271484375
2 0.1484375 0.58642578125 0.03369140625 0.03466796875
5 0.537109375 0.626953125 0.1513671875 0.37353515625
0 0.5595703125 0.6787109375 0.22509765625 0.47802734375
2 0.619140625 0.8642578125 0.03271484375 0.0361328125
3 0.01708984375 0.10546875 0.029296875 0.05322265625