0 0.44677734375 0.818359375 0.22509765625 0.36279296875
5 0.4638671875 0.80810546875 0.240234375 0.3837890625
5 0.44384765625 0.73779296875 0.15869140625 0.35107421875
3 0.53857421875 0.6611328125 0.05908203125 0.0908203125
1 0.49072265625 0.607421875 0.0615234375 0.087890625
0 0.3369140625 0.48974609375 0.138671875 0.30615234375
5 0.31787109375 0.390625 0.1142578125 0.30078125
2 0.365234375 0.57275390625 0.03173828125 0.0263671875
1 0.34912109375 0.2763671875 0.04541015625 0.0712890625
0 0.5234375 0.33349609375 0.17236328125 0.22607421875
5 0.51611328125 0.29150390625 0.109375 0.29541015625
3 0.54638671875 0.1669921875 0.02587890625 0.04638671875
2 0.5859375 0.35595703125 0.02587890625 0.029296875
0 0.14306640625 0.36376953125 0.138671875 0.27294921875
5 0.12744140625 0.3134765625 0.10400390625 0.322265625
2 0.17822265625 0.39013671875 0.03271484375 0.02685546875
1 0.13916015625 0.18212890625 0.037109375 0.0576171875
0 0.2373046875 0.32568359375 0.10009765625 0.2138671875
2 0.2587890625 0.3818359375 0.0283203125 0.0263671875
5 0.2548828125 0.2607421875 0.1064453125 0.212890625
5 0.23193359375 0.23974609375 0.0791015625 0.2177734375
3 0.263671875 0.17333984375 0.025390625 0.0380859375
1 0.25341796875 0.15625 0.0302734375 0.05126953125
0 0.38525390625 0.2236328125 0.14892578125 0.2099609375
5 0.39111328125 0.18310546875 0.080078125 0.2470703125
2 0.4423828125 0.2294921875 0.02197265625 0.017578125
3 0.40087890625 0.080078125 0.02490234375 0.041015625
0 0.033203125 0.3251953125 0.0654296875 0.15673828125
5 0.029296875 0.19287109375 0.05810546875 0.17724609375
1 0.02294921875 0.12890625 0.03515625 0.04736328125
2 0.0390625 0.3037109375 0.0263671875 0.025390625
4 0.7421875 0.0546875 0.087890625 0.109375