0 0.3037109375 0.626953125 0.15966796875 0.34130859375
5 0.29638671875 0.5439453125 0.12109375 0.306640625
1 0.3291015625 0.423828125 0.04931640625 0.06640625
5 0.3134765625 0.57421875 0.14453125 0.2978515625
3 0.34326171875 0.462890625 0.05224609375 0.07080078125
2 0.33447265625 0.74853515625 0.0439453125 0.04248046875
0 0.45166015625 0.29248046875 0.15869140625 0.22265625
5 0.4443359375 0.25146484375 0.1044921875 0.2705078125
1 0.470703125 0.14208984375 0.0458984375 0.04931640625
2 0.51025390625 0.3125 0.02490234375 0.02392578125
0 0.09228515625 0.333984375 0.13818359375 0.2451171875
5 0.08349609375 0.22216796875 0.0966796875 0.2060546875
1 0.09130859375 0.14892578125 0.03759765625 0.05810546875
2 0.12939453125 0.3447265625 0.02685546875 0.02197265625
0 0.3310546875 0.19140625 0.11572265625 0.18212890625
5 0.33203125 0.14794921875 0.08349609375 0.21240234375
3 0.345703125 0.0654296875 0.02587890625 0.044921875
2 0.3837890625 0.203125 0.01513671875 0.01513671875