5 0.32861328125 0.19873046875 0.10302734375 0.259765625
0 0.34130859375 0.23974609375 0.1474609375 0.20361328125
1 0.173828125 0.244140625 0.046875 0.060546875
2 0.39208984375 0.24951171875 0.02294921875 0.02294921875
5 0.16162109375 0.2900390625 0.0888671875 0.14990234375
5 0.16259765625 0.3720703125 0.1123046875 0.26318359375
0 0.1611328125 0.42236328125 0.12451171875 0.2841796875
1 0.28466796875 0.48681640625 0.0576171875 0.083984375
2 0.185546875 0.5009765625 0.03369140625 0.03173828125
5 0.25537109375 0.61474609375 0.16748046875 0.33837890625
0 0.2646484375 0.72900390625 0.19677734375 0.39306640625
2 0.314453125 0.85791015625 0.04248046875 0.03173828125
3 0.3603515625 0.08935546875 0.0234375 0.0419921875