3 0.42919921875 0.12109375 0.0341796875 0.04150390625
1 0.06787109375 0.12841796875 0.0361328125 0.05029296875
5 0.4111328125 0.21630859375 0.1044921875 0.2314453125
5 0.0537109375 0.2509765625 0.10546875 0.29541015625
0 0.4208984375 0.27685546875 0.15771484375 0.21533203125
0 0.06201171875 0.28955078125 0.12255859375 0.25634765625
2 0.47705078125 0.29345703125 0.0244140625 0.02734375
2 0.09130859375 0.31494140625 0.025390625 0.02197265625
3 0.27783203125 0.3759765625 0.0439453125 0.06298828125
5 0.2548828125 0.5009765625 0.1318359375 0.31494140625
0 0.25390625 0.564453125 0.14306640625 0.33984375
2 0.279296875 0.6533203125 0.0400390625 0.03515625
1 0.59228515625 0.75146484375 0.08154296875 0.10400390625
5 0.54296875 0.849609375 0.2119140625 0.30029296875
0 0.46826171875 0.896484375 0.1767578125 0.20703125