2 0.138671875 0.11572265625 0.01806640625 0.01611328125
0 0.0966796875 0.11572265625 0.1171875 0.1728515625
5 0.20947265625 0.140625 0.08349609375 0.23876953125
0 0.21142578125 0.1796875 0.1298828125 0.18212890625
2 0.2646484375 0.18505859375 0.0205078125 0.0205078125
1 0.09765625 0.220703125 0.0458984375 0.05859375
5 0.0869140625 0.31689453125 0.09716796875 0.2509765625
0 0.0888671875 0.41552734375 0.10107421875 0.24853515625
2 0.10302734375 0.4755859375 0.03125 0.0224609375
1 0.3564453125 0.52001953125 0.06591796875 0.0947265625
5 0.31884765625 0.65673828125 0.17626953125 0.36474609375
0 0.3251953125 0.78271484375 0.19970703125 0.427734375
2 0.3740234375 0.90673828125 0.0478515625 0.04296875