5 0.14453125 0.12158203125 0.08056640625 0.234375
1 0.05419921875 0.15087890625 0.0361328125 0.0517578125
0 0.15185546875 0.15283203125 0.14208984375 0.173828125
2 0.20263671875 0.15869140625 0.0185546875 0.02099609375
3 0.1630859375 0.0205078125 0.01904296875 0.0322265625
5 0.048828125 0.26025390625 0.09326171875 0.27099609375
1 0.19189453125 0.28466796875 0.0478515625 0.0654296875
0 0.05078125 0.32666015625 0.0859375 0.23095703125
2 0.06298828125 0.373046875 0.0283203125 0.02197265625
5 0.1787109375 0.39404296875 0.11669921875 0.28466796875
4 0.7041015625 0.04931640625 0.08251953125 0.0986328125
0 0.18359375 0.51904296875 0.11572265625 0.279296875
1 0.3974609375 0.5322265625 0.06689453125 0.0859375
3 0.4775390625 0.55224609375 0.05322265625 0.06982421875
2 0.20166015625 0.580078125 0.0400390625 0.03369140625
5 0.35205078125 0.6865234375 0.16455078125 0.3955078125
5 0.41552734375 0.71240234375 0.18505859375 0.390625
0 0.36376953125 0.79345703125 0.2724609375 0.4130859375
2 0.46240234375 0.873046875 0.048828125 0.04736328125