0 0.56640625 0.88818359375 0.29296875 0.2236328125
5 0.6884765625 0.85498046875 0.22314453125 0.28955078125
5 0.5966796875 0.83984375 0.212890625 0.3203125
1 0.65673828125 0.73388671875 0.08447265625 0.10693359375
3 0.76123046875 0.7646484375 0.06640625 0.1064453125
0 0.23681640625 0.62255859375 0.14208984375 0.37646484375
5 0.234375 0.50439453125 0.13623046875 0.32080078125
1 0.25244140625 0.384765625 0.0556640625 0.08203125
2 0.2607421875 0.71826171875 0.04443359375 0.0400390625
0 0.06689453125 0.37158203125 0.09423828125 0.2294921875
2 0.0791015625 0.41796875 0.0302734375 0.0244140625
5 0.0673828125 0.2705078125 0.09375 0.23486328125
1 0.07666015625 0.18017578125 0.03857421875 0.0546875
0 0.18359375 0.166015625 0.1396484375 0.1806640625
5 0.17333984375 0.12841796875 0.08837890625 0.2294921875
3 0.1953125 0.03125 0.02099609375 0.0341796875
2 0.23388671875 0.17138671875 0.02001953125 0.0205078125