1 0.03955078125 0.13037109375 0.04638671875 0.0595703125
0 0.83837890625 0.1357421875 0.09912109375 0.12451171875
0 0.1318359375 0.14453125 0.13720703125 0.16259765625
2 0.18115234375 0.1513671875 0.0234375 0.02197265625
3 0.140625 0.0185546875 0.02734375 0.03515625
5 0.041015625 0.20751953125 0.08154296875 0.21044921875
1 0.162109375 0.23974609375 0.048828125 0.0703125
1 0.83203125 0.02685546875 0.0302734375 0.0419921875
0 0.04248046875 0.30126953125 0.0791015625 0.19482421875
5 0.1533203125 0.34228515625 0.1064453125 0.271484375
2 0.0517578125 0.3486328125 0.02880859375 0.0263671875
1 0.28369140625 0.43798828125 0.0595703125 0.0849609375
0 0.1572265625 0.44140625 0.10302734375 0.2724609375
3 0.34326171875 0.45166015625 0.04833984375 0.07421875
4 0.6884765625 0.04541015625 0.080078125 0.0908203125
5 0.25146484375 0.57275390625 0.14794921875 0.35009765625
5 0.29345703125 0.59326171875 0.1669921875 0.3564453125
0 0.259765625 0.6865234375 0.21875 0.3935546875
2 0.328125 0.74267578125 0.046875 0.04345703125
5 0.8359375 0.08251953125 0.052734375 0.15380859375
5 0.12451171875 0.11328125 0.08154296875 0.22607421875