0 0.68798828125 0.62939453125 0.27880859375 0.35498046875
5 0.67919921875 0.580078125 0.146484375 0.4306640625
1 0.71728515625 0.40673828125 0.0556640625 0.0869140625
2 0.79833984375 0.66845703125 0.03173828125 0.0361328125
0 0.2587890625 0.59716796875 0.12744140625 0.28369140625
5 0.27099609375 0.4453125 0.14111328125 0.2861328125
3 0.275390625 0.3427734375 0.0458984375 0.0791015625
2 0.26806640625 0.61962890625 0.0419921875 0.0341796875
0 0.48974609375 0.86279296875 0.28564453125 0.27392578125
5 0.47314453125 0.81884765625 0.2138671875 0.3623046875
3 0.515625 0.68798828125 0.060546875 0.09619140625
0 0.35205078125 0.23681640625 0.109375 0.19677734375
5 0.3447265625 0.14697265625 0.07958984375 0.12646484375
3 0.35693359375 0.1025390625 0.02294921875 0.0341796875
2 0.38330078125 0.25830078125 0.021484375 0.01708984375