5 0.32177734375 0.14990234375 0.08056640625 0.17138671875
0 0.3310546875 0.228515625 0.1142578125 0.2021484375
2 0.369140625 0.24658203125 0.02294921875 0.021484375
3 0.09033203125 0.27587890625 0.0380859375 0.06396484375
3 0.4462890625 0.30224609375 0.04736328125 0.06689453125
1 0.26123046875 0.32373046875 0.05029296875 0.08251953125
5 0.41943359375 0.392578125 0.1279296875 0.24951171875
1 0.7021484375 0.40185546875 0.0625 0.087890625
5 0.0830078125 0.4072265625 0.142578125 0.32421875
1 0.45166015625 0.42041015625 0.07080078125 0.095703125
5 0.259765625 0.44775390625 0.12548828125 0.32958984375
5 0.23583984375 0.453125 0.0869140625 0.29833984375
0 0.3828125 0.46826171875 0.10205078125 0.2197265625
5 0.4375 0.5185546875 0.16748046875 0.28955078125
0 0.09130859375 0.53076171875 0.126953125 0.2587890625
0 0.24658203125 0.56103515625 0.12109375 0.32958984375
5 0.677734375 0.5712890625 0.1455078125 0.4267578125
2 0.2587890625 0.5908203125 0.0400390625 0.0322265625
3 0.43603515625 0.6240234375 0.07275390625 0.09423828125
2 0.10009765625 0.6279296875 0.03076171875 0.02978515625
0 0.6845703125 0.62890625 0.2744140625 0.34130859375
0 0.4482421875 0.65478515625 0.19482421875 0.3642578125
2 0.79736328125 0.666015625 0.03369140625 0.04833984375
2 0.515625 0.71435546875 0.044921875 0.048828125
5 0.39794921875 0.779296875 0.20166015625 0.39599609375
0 0.4150390625 0.833984375 0.27734375 0.33203125
3 0.33251953125 0.08837890625 0.03125 0.046875