3 0.08984375 0.2578125 0.03173828125 0.05908203125
1 0.38134765625 0.30712890625 0.04443359375 0.0673828125
1 0.60888671875 0.3505859375 0.05078125 0.0673828125
5 0.357421875 0.4013671875 0.142578125 0.25537109375
5 0.07861328125 0.4228515625 0.1474609375 0.3896484375
3 0.26220703125 0.44873046875 0.04638671875 0.07568359375
5 0.5810546875 0.48046875 0.13818359375 0.32861328125
0 0.08544921875 0.5107421875 0.1171875 0.2939453125
0 0.361328125 0.5341796875 0.12939453125 0.31689453125
3 0.62841796875 0.560546875 0.05078125 0.07568359375
2 0.39501953125 0.564453125 0.0400390625 0.03564453125
0 0.58984375 0.57666015625 0.25732421875 0.32470703125
2 0.0966796875 0.60595703125 0.0322265625 0.02685546875
2 0.6962890625 0.61083984375 0.03564453125 0.04248046875
5 0.22900390625 0.6259765625 0.1748046875 0.43115234375
0 0.23681640625 0.68359375 0.16015625 0.45263671875
4 0.8447265625 0.0712890625 0.0859375 0.142578125
5 0.57666015625 0.73779296875 0.201171875 0.4296875
2 0.267578125 0.80810546875 0.0439453125 0.03515625
0 0.59423828125 0.8125 0.21240234375 0.37451171875