3 0.05908203125 0.2001953125 0.03515625 0.0537109375
1 0.3271484375 0.25732421875 0.04736328125 0.064453125
5 0.05419921875 0.30078125 0.1083984375 0.2529296875
3 0.19970703125 0.3291015625 0.05126953125 0.0634765625
1 0.572265625 0.3330078125 0.0478515625 0.06982421875
3 0.427734375 0.3623046875 0.03515625 0.0546875
5 0.30810546875 0.388671875 0.11669921875 0.328125
0 0.05810546875 0.4228515625 0.1083984375 0.26611328125
5 0.189453125 0.4462890625 0.13134765625 0.2978515625
0 0.3095703125 0.4619140625 0.1123046875 0.27783203125
5 0.5439453125 0.4619140625 0.1279296875 0.3291015625
4 0.69287109375 0.04638671875 0.09130859375 0.0927734375
5 0.40576171875 0.48974609375 0.12646484375 0.3115234375
2 0.07861328125 0.50537109375 0.02880859375 0.03515625
0 0.57080078125 0.52685546875 0.21533203125 0.26318359375
0 0.1884765625 0.54296875 0.1318359375 0.341796875
1 0.60400390625 0.576171875 0.06884765625 0.10546875
2 0.64892578125 0.58154296875 0.03271484375 0.03857421875
0 0.41455078125 0.615234375 0.15185546875 0.33056640625
2 0.21337890625 0.6357421875 0.03955078125 0.03955078125
5 0.57080078125 0.7080078125 0.1689453125 0.3681640625
2 0.46826171875 0.72314453125 0.03662109375 0.04541015625
0 0.57470703125 0.8095703125 0.21484375 0.380859375
2 0.63330078125 0.9755859375 0.0419921875 0.04296875