3 0.0634765625 0.16259765625 0.02880859375 0.0458984375
1 0.28076171875 0.21435546875 0.04150390625 0.0537109375
5 0.05126953125 0.2548828125 0.0986328125 0.23193359375
1 0.478515625 0.255859375 0.04541015625 0.06103515625
3 0.18212890625 0.29736328125 0.03759765625 0.0595703125
5 0.26171875 0.30419921875 0.12255859375 0.23388671875
5 0.455078125 0.3271484375 0.1162109375 0.205078125
3 0.4228515625 0.33935546875 0.03466796875 0.0595703125
0 0.048828125 0.38232421875 0.095703125 0.2412109375
0 0.265625 0.416015625 0.12890625 0.271484375
2 0.30419921875 0.43603515625 0.037109375 0.03125
5 0.16162109375 0.43701171875 0.134765625 0.33984375
2 0.0595703125 0.455078125 0.0244140625 0.02099609375
2 0.49951171875 0.48193359375 0.03564453125 0.029296875
0 0.498046875 0.5087890625 0.09814453125 0.1806640625
0 0.16357421875 0.5107421875 0.14013671875 0.31396484375
5 0.38427734375 0.51318359375 0.1552734375 0.4072265625
1 0.57666015625 0.54296875 0.0625 0.09130859375
2 0.18798828125 0.5888671875 0.03759765625 0.03125
0 0.40185546875 0.58984375 0.1455078125 0.328125
5 0.54296875 0.68115234375 0.16748046875 0.3681640625
2 0.4443359375 0.68896484375 0.0380859375 0.04248046875
4 0.78466796875 0.072265625 0.087890625 0.14453125
1 0.8095703125 0.73046875 0.07275390625 0.107421875
0 0.55224609375 0.783203125 0.2158203125 0.38037109375
5 0.73486328125 0.8369140625 0.2451171875 0.32568359375
0 0.66748046875 0.90673828125 0.2158203125 0.1865234375