3 0.0673828125 0.16748046875 0.02978515625 0.05126953125
1 0.28076171875 0.21826171875 0.0419921875 0.06103515625
5 0.05029296875 0.25732421875 0.0986328125 0.2314453125
1 0.48486328125 0.267578125 0.044921875 0.06201171875
3 0.18408203125 0.30029296875 0.04052734375 0.0693359375
5 0.26171875 0.31787109375 0.1240234375 0.259765625
3 0.427734375 0.3525390625 0.03564453125 0.06005859375
5 0.46240234375 0.36865234375 0.115234375 0.26416015625
0 0.05078125 0.3857421875 0.09619140625 0.2470703125
5 0.169921875 0.4052734375 0.1162109375 0.27734375
0 0.2734375 0.416015625 0.1240234375 0.2734375
2 0.30712890625 0.4384765625 0.03759765625 0.0341796875
2 0.06201171875 0.46044921875 0.02685546875 0.0263671875
5 0.40234375 0.47216796875 0.12841796875 0.2998046875
2 0.51416015625 0.4951171875 0.03515625 0.0361328125
0 0.509765625 0.51025390625 0.09716796875 0.1953125
0 0.17041015625 0.51953125 0.1337890625 0.3115234375
4 0.7177734375 0.05517578125 0.0791015625 0.10986328125
1 0.58349609375 0.5498046875 0.06396484375 0.1005859375
0 0.404296875 0.58203125 0.14892578125 0.31982421875
2 0.193359375 0.59619140625 0.03857421875 0.03857421875
5 0.5458984375 0.6728515625 0.18212890625 0.34619140625
2 0.45263671875 0.6982421875 0.03955078125 0.04345703125
1 0.8125 0.734375 0.07568359375 0.1083984375
0 0.56005859375 0.7900390625 0.22119140625 0.38720703125
5 0.73095703125 0.83984375 0.2529296875 0.3203125
0 0.6611328125 0.8984375 0.19921875 0.203125