0 0.31103515625 0.85009765625 0.2255859375 0.2998046875
5 0.32861328125 0.81640625 0.19189453125 0.36669921875
5 0.30126953125 0.759765625 0.1318359375 0.29833984375
3 0.34228515625 0.65576171875 0.04638671875 0.08984375
3 0.35400390625 0.6806640625 0.06396484375 0.0947265625
0 0.4423828125 0.75244140625 0.20361328125 0.41796875
2 0.5048828125 0.80712890625 0.04345703125 0.0380859375
5 0.4296875 0.57177734375 0.166015625 0.294921875
1 0.46044921875 0.47021484375 0.0634765625 0.0908203125
0 0.115234375 0.60595703125 0.15283203125 0.34765625
5 0.11474609375 0.53515625 0.1484375 0.43408203125
1 0.1220703125 0.35595703125 0.05712890625 0.07763671875
2 0.1533203125 0.63720703125 0.04345703125 0.03173828125
0 0.24755859375 0.39599609375 0.10009765625 0.2529296875
2 0.26220703125 0.4560546875 0.03271484375 0.0283203125
5 0.24755859375 0.29931640625 0.091796875 0.24951171875
1 0.2578125 0.20654296875 0.04443359375 0.06298828125
0 0.04345703125 0.33642578125 0.08447265625 0.1728515625
2 0.05029296875 0.37255859375 0.02294921875 0.021484375
5 0.04345703125 0.193359375 0.08447265625 0.2021484375
3 0.05859375 0.1162109375 0.02685546875 0.04736328125
0 0.12109375 0.1650390625 0.09228515625 0.1533203125
2 0.142578125 0.1806640625 0.0263671875 0.0205078125
5 0.1171875 0.11181640625 0.08056640625 0.19677734375
1 0.12158203125 0.0341796875 0.029296875 0.041015625
0 0.181640625 0.13720703125 0.0556640625 0.1162109375
2 0.18505859375 0.1171875 0.01953125 0.0185546875
4 0.9580078125 0.103515625 0.083984375 0.177734375