2 0.03076171875 0.11376953125 0.0185546875 0.01611328125
1 0.119140625 0.1298828125 0.0361328125 0.0517578125
1 0.04833984375 0.18701171875 0.03759765625 0.05810546875
5 0.11181640625 0.19580078125 0.08935546875 0.18408203125
5 0.05126953125 0.31640625 0.10009765625 0.31689453125
2 0.14501953125 0.32421875 0.0234375 0.02197265625
3 0.3701171875 0.32666015625 0.03564453125 0.052734375
0 0.12646484375 0.3388671875 0.06982421875 0.14306640625
3 0.16845703125 0.3515625 0.03466796875 0.052734375
0 0.046875 0.39599609375 0.08935546875 0.23828125
5 0.3544921875 0.41259765625 0.11669921875 0.2255859375
5 0.15869140625 0.470703125 0.1376953125 0.2900390625
3 0.66796875 0.47998046875 0.05029296875 0.06884765625
0 0.34765625 0.54541015625 0.126953125 0.30029296875
1 0.27197265625 0.56103515625 0.06787109375 0.08935546875
0 0.1650390625 0.56787109375 0.1025390625 0.26123046875
2 0.38623046875 0.58740234375 0.037109375 0.02734375
5 0.61083984375 0.64794921875 0.21484375 0.40673828125
0 0.619140625 0.697265625 0.1376953125 0.29833984375
5 0.2412109375 0.71484375 0.1689453125 0.39794921875
1 0.71728515625 0.78076171875 0.0810546875 0.11083984375
2 0.658203125 0.78369140625 0.0419921875 0.0400390625
0 0.25244140625 0.80419921875 0.1943359375 0.3916015625
5 0.68798828125 0.86279296875 0.224609375 0.2744140625
2 0.30126953125 0.90087890625 0.0498046875 0.04833984375
0 0.60693359375 0.91162109375 0.21533203125 0.1767578125
0 0.02490234375 0.10302734375 0.04931640625 0.1064453125