0 0.5556640625 0.80224609375 0.1923828125 0.39306640625
5 0.5517578125 0.69091796875 0.17138671875 0.3642578125
2 0.61865234375 0.87744140625 0.044921875 0.0400390625
3 0.5888671875 0.54345703125 0.04638671875 0.0693359375
0 0.8310546875 0.35595703125 0.16796875 0.2177734375
0 0.86962890625 0.30810546875 0.11181640625 0.23095703125
5 0.8330078125 0.287109375 0.1005859375 0.21923828125
2 0.89794921875 0.38671875 0.02197265625 0.02392578125
3 0.89697265625 0.2138671875 0.02490234375 0.0419921875
1 0.8642578125 0.20068359375 0.037109375 0.04638671875
0 0.2158203125 0.7275390625 0.13623046875 0.3818359375
2 0.240234375 0.8369140625 0.04638671875 0.03662109375
5 0.2255859375 0.6279296875 0.1328125 0.31201171875
3 0.2314453125 0.50244140625 0.046875 0.0615234375
0 0.3046875 0.90185546875 0.14111328125 0.19580078125
5 0.375 0.85205078125 0.2265625 0.2958984375
1 0.43212890625 0.7626953125 0.08935546875 0.11376953125
0 0.25390625 0.48291015625 0.14599609375 0.30126953125
5 0.2470703125 0.3779296875 0.13037109375 0.29248046875
2 0.291015625 0.51806640625 0.0361328125 0.02587890625
1 0.271484375 0.265625 0.0458984375 0.068359375
0 0.08154296875 0.5283203125 0.1240234375 0.318359375
2 0.1083984375 0.55517578125 0.04150390625 0.02880859375
5 0.09228515625 0.4443359375 0.1201171875 0.359375
1 0.10009765625 0.2978515625 0.0458984375 0.064453125
0 0.12353515625 0.16845703125 0.0791015625 0.18212890625
2 0.13623046875 0.2099609375 0.02294921875 0.0185546875
5 0.12109375 0.09765625 0.06689453125 0.162109375