1 0.02734375 0.150390625 0.03955078125 0.05517578125
5 0.0361328125 0.240234375 0.0693359375 0.2353515625
3 0.29638671875 0.26123046875 0.03369140625 0.0537109375
2 0.03564453125 0.3447265625 0.02978515625 0.0234375
5 0.28564453125 0.3544921875 0.10546875 0.2392578125
5 0.03369140625 0.3720703125 0.06640625 0.15771484375
1 0.20849609375 0.4580078125 0.0634765625 0.0927734375
0 0.28369140625 0.46435546875 0.123046875 0.27197265625
2 0.32177734375 0.4990234375 0.03271484375 0.02734375
5 0.19091796875 0.5888671875 0.13720703125 0.3544921875
1 0.52734375 0.60888671875 0.07666015625 0.0986328125
0 0.20263671875 0.69873046875 0.1279296875 0.40380859375
2 0.22216796875 0.74853515625 0.04541015625 0.04296875
5 0.4892578125 0.75341796875 0.19970703125 0.38427734375
0 0.49072265625 0.82861328125 0.24169921875 0.3427734375