0 0.541015625 0.63330078125 0.22265625 0.3310546875
5 0.517578125 0.52392578125 0.1396484375 0.34765625
1 0.560546875 0.3857421875 0.05224609375 0.07470703125
5 0.58349609375 0.5400390625 0.1396484375 0.31298828125
3 0.59130859375 0.4208984375 0.0478515625 0.07421875
2 0.603515625 0.7666015625 0.03466796875 0.02978515625
0 0.30078125 0.501953125 0.12890625 0.2646484375
5 0.30078125 0.3720703125 0.12060546875 0.20849609375
1 0.30712890625 0.30126953125 0.0478515625 0.0693359375
0 0.39111328125 0.3662109375 0.11181640625 0.21875
5 0.3935546875 0.2744140625 0.10400390625 0.20849609375
3 0.40966796875 0.19189453125 0.03662109375 0.0419921875
2 0.41845703125 0.388671875 0.03173828125 0.0205078125
0 0.1201171875 0.46728515625 0.10546875 0.2880859375
5 0.11865234375 0.3349609375 0.1025390625 0.22900390625
1 0.13134765625 0.2587890625 0.056640625 0.07373046875
2 0.13232421875 0.46875 0.03564453125 0.03173828125
0 0.037109375 0.3125 0.068359375 0.181640625
5 0.037109375 0.21337890625 0.0732421875 0.17724609375
3 0.03369140625 0.15185546875 0.0390625 0.05126953125
2 0.04443359375 0.35546875 0.03125 0.0234375
4 0.69384765625 0.060546875 0.08056640625 0.1171875
4 0.775390625 0.05224609375 0.072265625 0.1015625