4 0.91162109375 0.07177734375 0.08642578125 0.14208984375
0 0.17822265625 0.33203125 0.1337890625 0.24658203125
5 0.18017578125 0.29443359375 0.126953125 0.3037109375
5 0.16162109375 0.24755859375 0.09521484375 0.24951171875
2 0.22119140625 0.408203125 0.0263671875 0.02197265625
3 0.20849609375 0.16552734375 0.0283203125 0.0439453125
1 0.189453125 0.146484375 0.03759765625 0.046875
0 0.03515625 0.2568359375 0.0703125 0.146484375
2 0.0419921875 0.22802734375 0.02587890625 0.02587890625
5 0.02490234375 0.12744140625 0.04931640625 0.14501953125
1 0.02392578125 0.08056640625 0.03271484375 0.05078125