5 0.01611328125 0.12646484375 0.0322265625 0.1611328125
1 0.16796875 0.13623046875 0.03857421875 0.04443359375
3 0.1943359375 0.154296875 0.02978515625 0.04931640625
2 0.0302734375 0.21435546875 0.0244140625 0.025390625
5 0.1416015625 0.2294921875 0.091796875 0.23046875
0 0.02734375 0.23974609375 0.0537109375 0.14990234375
5 0.16162109375 0.27978515625 0.1240234375 0.298828125
0 0.158203125 0.3203125 0.125 0.2373046875
2 0.2001953125 0.3955078125 0.02490234375 0.02587890625
1 0.013671875 0.0712890625 0.0263671875 0.05126953125
4 0.9609375 0.1005859375 0.078125 0.16748046875