3 0.060546875 0.1416015625 0.03076171875 0.04541015625
5 0.5048828125 0.17041015625 0.091796875 0.17822265625
0 0.50341796875 0.2109375 0.16943359375 0.1318359375
5 0.04638671875 0.2333984375 0.09130859375 0.23046875
1 0.59716796875 0.30322265625 0.05810546875 0.0712890625
0 0.05029296875 0.30810546875 0.10009765625 0.2392578125
2 0.083984375 0.3623046875 0.02685546875 0.0283203125
5 0.56982421875 0.38330078125 0.13330078125 0.232421875
1 0.640625 0.42724609375 0.0595703125 0.07421875
0 0.52099609375 0.46728515625 0.130859375 0.220703125
5 0.61572265625 0.51220703125 0.1767578125 0.24560546875
3 0.5791015625 0.54443359375 0.04150390625 0.07080078125
3 0.6005859375 0.5986328125 0.0498046875 0.07275390625
4 0.7099609375 0.06298828125 0.09375 0.12353515625
0 0.6025390625 0.6533203125 0.2177734375 0.357421875
5 0.5244140625 0.681640625 0.1552734375 0.34521484375
2 0.68017578125 0.71484375 0.0361328125 0.03466796875
5 0.5439453125 0.7666015625 0.21240234375 0.40771484375
0 0.5341796875 0.79248046875 0.19677734375 0.4150390625
2 0.5869140625 0.93505859375 0.0439453125 0.0419921875
1 0.52685546875 0.10498046875 0.03076171875 0.044921875