4 0.9345703125 0.11962890625 0.10546875 0.18115234375
1 0.3154296875 0.25390625 0.04345703125 0.06298828125
1 0.1572265625 0.25537109375 0.04638671875 0.0673828125
5 0.10693359375 0.384765625 0.15966796875 0.32666015625
5 0.28125 0.3974609375 0.15625 0.349609375
1 0.8701171875 0.4365234375 0.05126953125 0.07958984375
3 0.96240234375 0.46044921875 0.04296875 0.072265625
0 0.12255859375 0.46875 0.12939453125 0.30029296875
0 0.30712890625 0.4697265625 0.15185546875 0.302734375
2 0.16162109375 0.49609375 0.03173828125 0.0263671875
2 0.3505859375 0.53759765625 0.03076171875 0.02587890625
5 0.84033203125 0.541015625 0.126953125 0.2900390625
4 0.76806640625 0.05419921875 0.08203125 0.10546875
5 0.9267578125 0.54541015625 0.126953125 0.24365234375
0 0.8203125 0.6279296875 0.35400390625 0.23876953125
4 0.8896484375 0.07177734375 0.08251953125 0.14208984375