2 0.3486328125 0.1494140625 0.0185546875 0.0205078125
1 0.140625 0.423828125 0.06005859375 0.0869140625
1 0.52392578125 0.52783203125 0.05712890625 0.08935546875
5 0.12744140625 0.5576171875 0.13671875 0.35498046875
0 0.12646484375 0.67041015625 0.14111328125 0.37841796875
5 0.486328125 0.68505859375 0.17724609375 0.40380859375
2 0.15087890625 0.78173828125 0.04541015625 0.04248046875
0 0.4853515625 0.78759765625 0.2763671875 0.4033203125
1 0.79052734375 0.80126953125 0.07666015625 0.11279296875
2 0.6044921875 0.8564453125 0.03955078125 0.04541015625
5 0.73681640625 0.87255859375 0.2275390625 0.25439453125
0 0.68212890625 0.92431640625 0.16455078125 0.15087890625
5 0.31640625 0.10986328125 0.091796875 0.15625