1 0.11083984375 0.330078125 0.048828125 0.078125
1 0.35107421875 0.40625 0.04931640625 0.07470703125
5 0.10498046875 0.45947265625 0.12451171875 0.33544921875
5 0.32861328125 0.54931640625 0.1552734375 0.359375
0 0.11181640625 0.60791015625 0.1083984375 0.2470703125
1 0.58447265625 0.6259765625 0.07080078125 0.09814453125
2 0.11181640625 0.65087890625 0.04345703125 0.04052734375
0 0.3408203125 0.65185546875 0.1962890625 0.37451171875
2 0.40869140625 0.7021484375 0.0400390625 0.0380859375
5 0.54345703125 0.78759765625 0.1943359375 0.4248046875
0 0.55322265625 0.84130859375 0.2841796875 0.3173828125