0 0.74853515625 0.634765625 0.2802734375 0.322265625
5 0.76171875 0.546875 0.1513671875 0.3125
3 0.796875 0.4306640625 0.04541015625 0.0751953125
0 0.3203125 0.84619140625 0.275390625 0.3076171875
5 0.30810546875 0.78955078125 0.18603515625 0.4208984375
1 0.36279296875 0.623046875 0.0576171875 0.08251953125
5 0.36474609375 0.814453125 0.1806640625 0.3525390625
3 0.4052734375 0.67724609375 0.05224609375 0.08203125
0 0.2333984375 0.48193359375 0.154296875 0.30615234375
5 0.23046875 0.40185546875 0.138671875 0.26806640625
1 0.24267578125 0.30224609375 0.04833984375 0.06884765625
2 0.27685546875 0.55517578125 0.037109375 0.0283203125
0 0.07666015625 0.4228515625 0.09814453125 0.25537109375
5 0.07666015625 0.314453125 0.095703125 0.26025390625
1 0.07666015625 0.21923828125 0.04443359375 0.0703125
2 0.07666015625 0.4775390625 0.03857421875 0.03369140625