1 0.08837890625 0.251953125 0.0458984375 0.0712890625
5 0.0859375 0.3349609375 0.1015625 0.23583984375
1 0.275390625 0.3349609375 0.05029296875 0.07470703125
5 0.26513671875 0.4658203125 0.13232421875 0.3369140625
0 0.08544921875 0.46923828125 0.10302734375 0.2587890625
3 0.96337890625 0.5068359375 0.0537109375 0.08642578125
1 0.4697265625 0.52001953125 0.06640625 0.08837890625
2 0.09033203125 0.53466796875 0.0400390625 0.03955078125
0 0.26708984375 0.56298828125 0.142578125 0.33203125
2 0.3173828125 0.60693359375 0.03955078125 0.033203125
5 0.91162109375 0.6357421875 0.17529296875 0.3466796875
5 0.4326171875 0.646484375 0.18310546875 0.33837890625
0 0.876953125 0.69775390625 0.24609375 0.359375
0 0.42333984375 0.70947265625 0.18505859375 0.2783203125
1 0.5078125 0.74755859375 0.0712890625 0.1123046875
3 0.5615234375 0.80078125 0.07568359375 0.1083984375
5 0.439453125 0.845703125 0.205078125 0.30859375
5 0.52783203125 0.873046875 0.1953125 0.25390625
0 0.4052734375 0.89697265625 0.275390625 0.2060546875