0 0.44775390625 0.82861328125 0.25439453125 0.34228515625
5 0.45263671875 0.75244140625 0.20263671875 0.3466796875
1 0.4736328125 0.61328125 0.05224609375 0.068359375
2 0.5419921875 0.9501953125 0.04345703125 0.03857421875
0 0.11865234375 0.56201171875 0.1484375 0.38037109375
5 0.12939453125 0.44775390625 0.13037109375 0.263671875
3 0.13427734375 0.37548828125 0.05029296875 0.0712890625
5 0.1240234375 0.421875 0.1376953125 0.2255859375
1 0.13818359375 0.33984375 0.0439453125 0.0546875
2 0.15185546875 0.6279296875 0.04150390625 0.03662109375
0 0.25537109375 0.55810546875 0.12646484375 0.24853515625
2 0.267578125 0.61328125 0.03662109375 0.04541015625
5 0.24853515625 0.3876953125 0.1201171875 0.2392578125
1 0.2578125 0.30078125 0.04833984375 0.05859375
0 0.4208984375 0.48681640625 0.19677734375 0.3076171875
5 0.42529296875 0.38134765625 0.14892578125 0.28466796875
3 0.4384765625 0.28515625 0.0576171875 0.0791015625