0 0.38671875 0.78955078125 0.2255859375 0.41552734375
5 0.37744140625 0.69580078125 0.177734375 0.35986328125
3 0.396484375 0.548828125 0.05078125 0.0654296875
2 0.4599609375 0.8583984375 0.04248046875 0.0390625
0 0.119140625 0.5673828125 0.13330078125 0.32763671875
5 0.123046875 0.4931640625 0.14013671875 0.3388671875
5 0.09033203125 0.49365234375 0.16748046875 0.39599609375
3 0.1337890625 0.35791015625 0.04296875 0.0673828125
1 0.13525390625 0.31494140625 0.04248046875 0.0390625
2 0.1455078125 0.611328125 0.03955078125 0.02978515625
0 0.232421875 0.50732421875 0.08984375 0.2119140625
2 0.23486328125 0.5634765625 0.0361328125 0.0322265625
5 0.21484375 0.33154296875 0.11669921875 0.19775390625
1 0.23388671875 0.26123046875 0.04443359375 0.0546875
0 0.3857421875 0.44140625 0.17333984375 0.27587890625
2 0.44140625 0.54345703125 0.029296875 0.0322265625
5 0.38232421875 0.36962890625 0.13818359375 0.28466796875
3 0.40771484375 0.259765625 0.03515625 0.064453125
0 0.0458984375 0.3193359375 0.09130859375 0.20458984375
2 0.0634765625 0.3232421875 0.02880859375 0.0234375
5 0.03662109375 0.20263671875 0.0732421875 0.19091796875
1 0.03857421875 0.1318359375 0.02978515625 0.04833984375