1 0.01318359375 0.11474609375 0.025390625 0.04736328125
5 0.025390625 0.185546875 0.05078125 0.18896484375
1 0.2119140625 0.232421875 0.0390625 0.0546875
3 0.38330078125 0.24365234375 0.03662109375 0.06298828125
2 0.03515625 0.29833984375 0.02587890625 0.0224609375
5 0.20263671875 0.30419921875 0.09423828125 0.197265625
0 0.0322265625 0.30908203125 0.06298828125 0.17919921875
1 0.1279296875 0.31396484375 0.0419921875 0.06298828125
3 0.12548828125 0.345703125 0.03662109375 0.06005859375
5 0.3623046875 0.34814453125 0.12255859375 0.27197265625
0 0.19970703125 0.42431640625 0.10205078125 0.29931640625
0 0.3623046875 0.4345703125 0.15087890625 0.28369140625
5 0.1162109375 0.45849609375 0.1337890625 0.35205078125
5 0.11572265625 0.458984375 0.13427734375 0.28955078125
1 0.35693359375 0.49462890625 0.0517578125 0.06591796875
2 0.41015625 0.5234375 0.03173828125 0.0302734375
2 0.21240234375 0.5234375 0.0361328125 0.03369140625
0 0.1142578125 0.5458984375 0.1298828125 0.32666015625
2 0.1376953125 0.59326171875 0.03857421875 0.03271484375
5 0.32958984375 0.6337890625 0.14697265625 0.34375
0 0.34130859375 0.73779296875 0.17041015625 0.408203125
2 0.39599609375 0.7880859375 0.0439453125 0.0380859375