0 0.74365234375 0.32568359375 0.15576171875 0.169921875
5 0.736328125 0.275390625 0.10791015625 0.2109375
1 0.76708984375 0.193359375 0.03662109375 0.0458984375
2 0.80322265625 0.36328125 0.0205078125 0.021484375
0 0.2451171875 0.58447265625 0.150390625 0.34130859375
5 0.24755859375 0.4912109375 0.14404296875 0.30712890625
3 0.2626953125 0.35986328125 0.03955078125 0.04443359375
2 0.28466796875 0.615234375 0.0380859375 0.02978515625
0 0.08349609375 0.466796875 0.11767578125 0.29541015625
5 0.08349609375 0.3955078125 0.1181640625 0.30224609375
5 0.0908203125 0.39111328125 0.12744140625 0.35546875
3 0.09375 0.27099609375 0.037109375 0.05224609375
1 0.10546875 0.24365234375 0.03515625 0.06005859375
0 0.189453125 0.421875 0.07861328125 0.18994140625
5 0.16943359375 0.279296875 0.08740234375 0.21826171875
1 0.1708984375 0.19873046875 0.041015625 0.05615234375
0 0.27099609375 0.36962890625 0.12744140625 0.26220703125
5 0.267578125 0.26806640625 0.10888671875 0.21728515625
3 0.28271484375 0.18798828125 0.033203125 0.0576171875