3 0.68212890625 0.158203125 0.0283203125 0.05078125
3 0.2607421875 0.1806640625 0.03662109375 0.056640625
1 0.16748046875 0.19189453125 0.04296875 0.05859375
5 0.666015625 0.2431640625 0.08056640625 0.21923828125
1 0.10400390625 0.24658203125 0.0380859375 0.05908203125
5 0.25732421875 0.25537109375 0.10009765625 0.20751953125
3 0.091796875 0.27001953125 0.0361328125 0.05517578125
5 0.1650390625 0.279296875 0.08544921875 0.23291015625
0 0.677734375 0.28662109375 0.10546875 0.16748046875
2 0.7158203125 0.3212890625 0.02099609375 0.0244140625
0 0.26318359375 0.333984375 0.11767578125 0.24169921875
3 0.26318359375 0.34912109375 0.04736328125 0.05712890625
5 0.08349609375 0.369140625 0.10595703125 0.2626953125
5 0.091796875 0.38916015625 0.12451171875 0.3583984375
0 0.18115234375 0.4150390625 0.08251953125 0.18408203125
0 0.08251953125 0.45361328125 0.107421875 0.30615234375
5 0.2470703125 0.4755859375 0.12451171875 0.3046875
2 0.099609375 0.4912109375 0.03369140625 0.02978515625
0 0.24609375 0.572265625 0.12939453125 0.341796875
2 0.2802734375 0.60498046875 0.0400390625 0.03369140625