0 0.888671875 0.44921875 0.17626953125 0.26123046875
5 0.87744140625 0.38671875 0.115234375 0.27587890625
1 0.90771484375 0.27392578125 0.03857421875 0.05029296875
2 0.962890625 0.4755859375 0.025390625 0.02880859375
0 0.23876953125 0.57666015625 0.14892578125 0.3583984375
5 0.23388671875 0.4921875 0.13623046875 0.3271484375
3 0.2626953125 0.35009765625 0.0361328125 0.04443359375
2 0.27685546875 0.60400390625 0.03955078125 0.0322265625
0 0.0751953125 0.44140625 0.09912109375 0.27734375
5 0.06103515625 0.357421875 0.1201171875 0.2734375
2 0.08740234375 0.46923828125 0.03369140625 0.02685546875
5 0.15283203125 0.37646484375 0.05517578125 0.18994140625
2 0.14794921875 0.42138671875 0.03173828125 0.02734375
5 0.12353515625 0.21484375 0.07666015625 0.158203125
1 0.12744140625 0.1611328125 0.03857421875 0.0498046875
0 0.2216796875 0.3046875 0.12451171875 0.19287109375
5 0.21533203125 0.23291015625 0.103515625 0.2001953125
3 0.2236328125 0.15771484375 0.03369140625 0.0498046875
4 0.892578125 0.0927734375 0.09521484375 0.1767578125
4 0.81103515625 0.08447265625 0.09521484375 0.16748046875