3 0.18896484375 0.13525390625 0.0302734375 0.0478515625
1 0.689453125 0.16943359375 0.0341796875 0.04296875
5 0.18408203125 0.203125 0.0927734375 0.18310546875
5 0.66748046875 0.2236328125 0.0966796875 0.1533203125
3 0.0712890625 0.2421875 0.03857421875 0.0546875
0 0.18896484375 0.28857421875 0.1044921875 0.18701171875
0 0.6845703125 0.2978515625 0.13427734375 0.17822265625
3 0.24267578125 0.32958984375 0.0322265625 0.0498046875
2 0.734375 0.34228515625 0.02685546875 0.02099609375
5 0.06298828125 0.35888671875 0.111328125 0.28857421875
5 0.22119140625 0.45556640625 0.12890625 0.30224609375
0 0.080078125 0.47021484375 0.076171875 0.16943359375
0 0.2275390625 0.5400390625 0.130859375 0.330078125
2 0.25390625 0.57373046875 0.03955078125 0.0302734375