5 0.07470703125 0.1142578125 0.08056640625 0.15966796875
3 0.0439453125 0.18115234375 0.02978515625 0.0517578125
0 0.095703125 0.22998046875 0.04638671875 0.13818359375
3 0.20166015625 0.25341796875 0.033203125 0.04931640625
5 0.044921875 0.27587890625 0.08984375 0.24072265625
5 0.19140625 0.330078125 0.0986328125 0.19970703125
2 0.05322265625 0.37109375 0.029296875 0.02490234375
0 0.04931640625 0.384765625 0.0703125 0.17578125
0 0.193359375 0.43212890625 0.10400390625 0.24853515625
1 0.13330078125 0.44677734375 0.056640625 0.07763671875
2 0.2119140625 0.4716796875 0.03564453125 0.02734375
3 0.16845703125 0.48779296875 0.04248046875 0.06689453125
3 0.076171875 0.05810546875 0.02685546875 0.046875
5 0.0947265625 0.5966796875 0.13525390625 0.3779296875
5 0.1455078125 0.63232421875 0.1787109375 0.35791015625
0 0.11083984375 0.71337890625 0.169921875 0.43505859375
2 0.14697265625 0.79931640625 0.0439453125 0.03564453125