0 0.15673828125 0.81591796875 0.20263671875 0.36767578125
5 0.13916015625 0.6845703125 0.15869140625 0.40185546875
1 0.17578125 0.53466796875 0.06982421875 0.10400390625
5 0.20556640625 0.7041015625 0.2001953125 0.3466796875
3 0.2294921875 0.5830078125 0.05712890625 0.1044921875
2 0.2138671875 0.90625 0.04736328125 0.03662109375
0 0.1962890625 0.43310546875 0.1123046875 0.19873046875
5 0.19921875 0.3349609375 0.11279296875 0.1904296875
1 0.2119140625 0.265625 0.03515625 0.0595703125
2 0.2197265625 0.49267578125 0.037109375 0.02490234375
0 0.1103515625 0.23291015625 0.09033203125 0.18359375
5 0.111328125 0.1416015625 0.0869140625 0.1728515625
3 0.10693359375 0.08251953125 0.03173828125 0.0478515625
2 0.12255859375 0.28369140625 0.02587890625 0.02685546875
0 0.05029296875 0.38037109375 0.09814453125 0.2412109375
5 0.04833984375 0.26708984375 0.091796875 0.1884765625
3 0.04931640625 0.20263671875 0.03857421875 0.05224609375
2 0.06298828125 0.396484375 0.033203125 0.0263671875
4 0.89453125 0.11865234375 0.10205078125 0.181640625