1 0.48876953125 0.13134765625 0.03125 0.04150390625
5 0.4619140625 0.20361328125 0.1064453125 0.1875
3 0.10107421875 0.25146484375 0.03515625 0.06640625
0 0.45849609375 0.2646484375 0.11865234375 0.1806640625
2 0.5 0.298828125 0.025390625 0.0283203125
5 0.09814453125 0.35595703125 0.0966796875 0.2724609375
0 0.0966796875 0.46484375 0.08251953125 0.2412109375
2 0.09375 0.474609375 0.03564453125 0.03173828125
4 0.791015625 0.0498046875 0.0732421875 0.099609375
3 0.6259765625 0.5791015625 0.05859375 0.07763671875
5 0.57861328125 0.734375 0.189453125 0.39111328125
0 0.58056640625 0.8173828125 0.279296875 0.365234375
2 0.68603515625 0.921875 0.044921875 0.05029296875