0 0.25830078125 0.6142578125 0.14453125 0.3271484375
5 0.25732421875 0.51025390625 0.12890625 0.341796875
1 0.27734375 0.37451171875 0.05712890625 0.0693359375
2 0.29052734375 0.64501953125 0.0390625 0.03125
0 0.5517578125 0.4873046875 0.1748046875 0.1796875
5 0.60498046875 0.41796875 0.14453125 0.25439453125
3 0.60986328125 0.328125 0.04931640625 0.07470703125
0 0.84521484375 0.4736328125 0.20068359375 0.2060546875
2 0.92724609375 0.54443359375 0.02685546875 0.03076171875
5 0.84619140625 0.400390625 0.1396484375 0.20556640625
3 0.88134765625 0.326171875 0.03564453125 0.0556640625
0 0.6337890625 0.35400390625 0.14599609375 0.22314453125
2 0.685546875 0.37109375 0.0234375 0.02099609375
5 0.62109375 0.244140625 0.10107421875 0.19287109375
3 0.6435546875 0.17138671875 0.02734375 0.046875
0 0.18798828125 0.13232421875 0.1064453125 0.14990234375
5 0.18017578125 0.0810546875 0.0771484375 0.162109375