0 0.21533203125 0.14306640625 0.107421875 0.1455078125
3 0.22021484375 0.0185546875 0.025390625 0.033203125
3 0.6884765625 0.201171875 0.029296875 0.04541015625
5 0.6669921875 0.275390625 0.107421875 0.1962890625
3 0.65087890625 0.35009765625 0.0458984375 0.06201171875
3 0.9521484375 0.3623046875 0.04248046875 0.0693359375
0 0.67236328125 0.3798828125 0.162109375 0.2353515625
2 0.73388671875 0.3984375 0.02587890625 0.02685546875
1 0.3076171875 0.41748046875 0.06494140625 0.080078125
5 0.6376953125 0.4326171875 0.14111328125 0.22314453125
5 0.91259765625 0.43701171875 0.142578125 0.21826171875
0 0.6025390625 0.494140625 0.21142578125 0.1474609375
0 0.90869140625 0.5283203125 0.1826171875 0.23291015625
5 0.28369140625 0.55859375 0.142578125 0.3603515625
0 0.28564453125 0.6572265625 0.15234375 0.34912109375
2 0.32373046875 0.705078125 0.041015625 0.03759765625
5 0.205078125 0.0908203125 0.0791015625 0.17626953125