3 0.490234375 0.12939453125 0.02880859375 0.04931640625
1 0.11572265625 0.1533203125 0.0390625 0.05126953125
3 0.322265625 0.19970703125 0.0302734375 0.052734375
5 0.46435546875 0.2177734375 0.107421875 0.22607421875
5 0.10791015625 0.248046875 0.09619140625 0.23974609375
0 0.4658203125 0.28076171875 0.14013671875 0.21484375
2 0.52001953125 0.29931640625 0.0224609375 0.02294921875
5 0.2939453125 0.3125 0.12548828125 0.2763671875
0 0.11572265625 0.33740234375 0.0908203125 0.22900390625
2 0.1298828125 0.341796875 0.029296875 0.02587890625
0 0.29931640625 0.39404296875 0.1806640625 0.2490234375
2 0.36376953125 0.40869140625 0.02490234375 0.025390625