3 0.44873046875 0.11328125 0.02880859375 0.0419921875
1 0.09814453125 0.13623046875 0.03662109375 0.04931640625
3 0.29345703125 0.1865234375 0.0283203125 0.04931640625
5 0.42626953125 0.201171875 0.10107421875 0.21826171875
5 0.0927734375 0.23779296875 0.080078125 0.2490234375
0 0.4326171875 0.26025390625 0.12451171875 0.20654296875
2 0.4775390625 0.2763671875 0.02197265625 0.0224609375
5 0.26708984375 0.2958984375 0.12109375 0.267578125
0 0.09912109375 0.30078125 0.09716796875 0.23974609375
2 0.115234375 0.3193359375 0.029296875 0.025390625
0 0.26904296875 0.3642578125 0.1669921875 0.26171875
2 0.33056640625 0.390625 0.0263671875 0.02734375