1 0.11767578125 0.2646484375 0.0400390625 0.0576171875
5 0.0986328125 0.38623046875 0.11572265625 0.30224609375
1 0.43115234375 0.42724609375 0.06005859375 0.0859375
1 0.84326171875 0.4375 0.0498046875 0.06787109375
0 0.10546875 0.4814453125 0.13671875 0.30615234375
2 0.1298828125 0.49609375 0.03466796875 0.02587890625
3 0.32275390625 0.5224609375 0.05029296875 0.0771484375
5 0.8115234375 0.52783203125 0.1767578125 0.24951171875
5 0.4140625 0.533203125 0.12939453125 0.2998046875
1 0.8056640625 0.57470703125 0.06298828125 0.087890625
0 0.7998046875 0.64697265625 0.24853515625 0.322265625
5 0.29052734375 0.6728515625 0.18115234375 0.38037109375
0 0.4306640625 0.67724609375 0.1728515625 0.39453125
2 0.89501953125 0.6875 0.02783203125 0.03662109375
5 0.76416015625 0.7177734375 0.18408203125 0.37255859375
2 0.47412109375 0.724609375 0.037109375 0.0341796875
0 0.30224609375 0.7939453125 0.2333984375 0.412109375
0 0.759765625 0.81396484375 0.271484375 0.37158203125
2 0.85791015625 0.8984375 0.03759765625 0.04296875
2 0.3623046875 0.9296875 0.0390625 0.0322265625