0 0.1689453125 0.59716796875 0.1494140625 0.36474609375
5 0.16455078125 0.486328125 0.13916015625 0.31298828125
3 0.18017578125 0.3623046875 0.03857421875 0.0634765625
2 0.19677734375 0.69921875 0.0361328125 0.02734375
0 0.5517578125 0.6328125 0.14892578125 0.26806640625
5 0.57958984375 0.56640625 0.16357421875 0.3330078125
1 0.615234375 0.43505859375 0.05322265625 0.06982421875
0 0.3359375 0.58837890625 0.1904296875 0.35986328125
5 0.3212890625 0.48046875 0.1396484375 0.32373046875
1 0.34716796875 0.357421875 0.0546875 0.0791015625
2 0.392578125 0.6259765625 0.0380859375 0.03271484375
0 0.0712890625 0.38916015625 0.10546875 0.26806640625
2 0.087890625 0.39501953125 0.0322265625 0.0263671875
5 0.0712890625 0.3046875 0.107421875 0.275390625
1 0.0830078125 0.1923828125 0.03564453125 0.05078125
0 0.64599609375 0.494140625 0.21142578125 0.19580078125
5 0.677734375 0.41259765625 0.09716796875 0.2001953125
1 0.681640625 0.34423828125 0.05322265625 0.0634765625
2 0.72216796875 0.5634765625 0.02734375 0.03076171875
0 0.7177734375 0.39794921875 0.1689453125 0.23193359375
2 0.78857421875 0.41796875 0.0234375 0.025390625
5 0.7568359375 0.333984375 0.07861328125 0.23486328125
5 0.70556640625 0.27490234375 0.09423828125 0.1630859375
3 0.7724609375 0.24267578125 0.03271484375 0.0517578125
4 0.744140625 0.04931640625 0.0810546875 0.0986328125