1 0.16845703125 0.15966796875 0.04541015625 0.0703125
4 0.39208984375 0.1748046875 0.13232421875 0.18408203125
5 0.03564453125 0.18603515625 0.06884765625 0.1953125
5 0.16796875 0.236328125 0.0859375 0.21923828125
0 0.03759765625 0.31103515625 0.07080078125 0.1533203125
5 0.0966796875 0.34033203125 0.09375 0.2705078125
0 0.16845703125 0.36474609375 0.0751953125 0.236328125
1 0.63427734375 0.3974609375 0.05859375 0.08642578125
0 0.0986328125 0.45068359375 0.10546875 0.26904296875
2 0.103515625 0.47119140625 0.02978515625 0.029296875
5 0.61767578125 0.51123046875 0.14990234375 0.3134765625
3 0.47216796875 0.51953125 0.05078125 0.10302734375
0 0.61328125 0.6103515625 0.1982421875 0.345703125
2 0.68505859375 0.65673828125 0.03759765625 0.03466796875
5 0.4365234375 0.673828125 0.173828125 0.40771484375
0 0.42822265625 0.7822265625 0.32421875 0.40234375
1 0.748046875 0.81494140625 0.0849609375 0.12744140625
5 0.6826171875 0.87548828125 0.24658203125 0.24853515625
0 0.64794921875 0.93359375 0.275390625 0.13232421875