3 0.07763671875 0.1796875 0.03369140625 0.05029296875
3 0.63330078125 0.18505859375 0.02783203125 0.04150390625
3 0.66162109375 0.19677734375 0.02685546875 0.04248046875
3 0.69384765625 0.2158203125 0.03125 0.05029296875
1 0.212890625 0.22607421875 0.04150390625 0.0625
5 0.60498046875 0.27197265625 0.08544921875 0.21435546875
5 0.072265625 0.27880859375 0.09765625 0.248046875
5 0.6435546875 0.2822265625 0.06494140625 0.2138671875
5 0.6669921875 0.2958984375 0.08740234375 0.21044921875
5 0.19775390625 0.30859375 0.115234375 0.2265625
0 0.6044921875 0.32958984375 0.2060546875 0.17724609375
0 0.0732421875 0.37109375 0.0908203125 0.23828125
1 0.67333984375 0.376953125 0.05078125 0.06787109375
0 0.205078125 0.421875 0.13134765625 0.26318359375
2 0.08203125 0.4345703125 0.02783203125 0.025390625
1 0.1767578125 0.43896484375 0.05126953125 0.08203125
2 0.23486328125 0.4482421875 0.0322265625 0.0263671875
5 0.67431640625 0.46826171875 0.078125 0.25
5 0.158203125 0.572265625 0.1416015625 0.3486328125
1 0.896484375 0.578125 0.0634765625 0.0859375
0 0.69482421875 0.66064453125 0.1005859375 0.22265625
0 0.1552734375 0.6806640625 0.13671875 0.3916015625
2 0.71435546875 0.703125 0.03564453125 0.0419921875
5 0.8447265625 0.72265625 0.1806640625 0.37060546875
2 0.18212890625 0.736328125 0.04541015625 0.03369140625
0 0.8466796875 0.8095703125 0.306640625 0.3779296875
2 0.98046875 0.88525390625 0.03076171875 0.04345703125