1 0.01025390625 0.12255859375 0.0205078125 0.04638671875
3 0.8935546875 0.1572265625 0.02734375 0.0400390625
1 0.3466796875 0.16357421875 0.03369140625 0.04443359375
5 0.02099609375 0.1796875 0.041015625 0.1611328125
5 0.875 0.2109375 0.08154296875 0.1474609375
5 0.357421875 0.22607421875 0.0615234375 0.16943359375
0 0.86865234375 0.26708984375 0.16259765625 0.13330078125
2 0.0263671875 0.29931640625 0.0263671875 0.02001953125
0 0.02587890625 0.32373046875 0.05078125 0.1591796875
2 0.37353515625 0.3447265625 0.02880859375 0.02099609375
0 0.36962890625 0.36279296875 0.06884765625 0.16552734375
3 0.58349609375 0.369140625 0.04345703125 0.0615234375
3 0.82958984375 0.4560546875 0.03955078125 0.07421875
5 0.552734375 0.4912109375 0.13818359375 0.3056640625
5 0.7939453125 0.5673828125 0.15380859375 0.29736328125
0 0.5654296875 0.57373046875 0.16552734375 0.33740234375
2 0.60986328125 0.59619140625 0.03564453125 0.0283203125
3 0.3056640625 0.66650390625 0.05224609375 0.10888671875
0 0.79052734375 0.67578125 0.18603515625 0.3671875
2 0.845703125 0.77685546875 0.0341796875 0.0302734375
5 0.2578125 0.8056640625 0.208984375 0.388671875
0 0.27294921875 0.8662109375 0.2607421875 0.267578125