0 0.751953125 0.62353515625 0.17822265625 0.33349609375
5 0.7568359375 0.52294921875 0.13671875 0.26416015625
2 0.802734375 0.72802734375 0.037109375 0.03125
3 0.7822265625 0.42919921875 0.03955078125 0.0576171875
0 0.544921875 0.54296875 0.15478515625 0.3291015625
5 0.537109375 0.431640625 0.1337890625 0.24169921875
3 0.56201171875 0.34423828125 0.0400390625 0.06787109375
2 0.58056640625 0.5634765625 0.033203125 0.02490234375
0 0.25439453125 0.85791015625 0.2431640625 0.2841796875
5 0.23779296875 0.7939453125 0.18603515625 0.412109375
3 0.2802734375 0.64404296875 0.0615234375 0.1123046875
0 0.8017578125 0.90087890625 0.251953125 0.1982421875
5 0.826171875 0.85888671875 0.19921875 0.2822265625
3 0.876953125 0.763671875 0.06005859375 0.09033203125