1 0.4248046875 0.13916015625 0.03564453125 0.05224609375
3 0.66796875 0.14892578125 0.029296875 0.04833984375
3 0.63427734375 0.1572265625 0.03515625 0.048828125
3 0.45947265625 0.16015625 0.03466796875 0.05859375
5 0.64501953125 0.23388671875 0.1044921875 0.21728515625
5 0.404296875 0.23486328125 0.0849609375 0.24462890625
5 0.61279296875 0.24560546875 0.08740234375 0.2265625
5 0.4365234375 0.25 0.087890625 0.248046875
0 0.61572265625 0.3076171875 0.12646484375 0.2138671875
0 0.4228515625 0.30810546875 0.14404296875 0.23876953125
2 0.46923828125 0.32958984375 0.0263671875 0.02294921875
2 0.66162109375 0.33349609375 0.0234375 0.02294921875
1 0.818359375 0.36376953125 0.05517578125 0.08056640625
5 0.78662109375 0.40625 0.14599609375 0.16552734375
0 0.76318359375 0.46826171875 0.15087890625 0.10498046875
3 0.86181640625 0.8037109375 0.06689453125 0.10693359375
5 0.80859375 0.8759765625 0.22119140625 0.248046875
0 0.73974609375 0.92919921875 0.234375 0.14111328125