1 0.60546875 0.236328125 0.0380859375 0.05810546875
3 0.63720703125 0.26123046875 0.0322265625 0.0537109375
1 0.97705078125 0.318359375 0.04296875 0.05712890625
1 0.9326171875 0.32861328125 0.04150390625 0.0556640625
5 0.57373046875 0.35498046875 0.10400390625 0.296875
5 0.6162109375 0.369140625 0.10986328125 0.26953125
5 0.9365234375 0.42724609375 0.12548828125 0.27490234375
0 0.59521484375 0.4296875 0.18115234375 0.28076171875
5 0.8955078125 0.43505859375 0.11767578125 0.26953125
2 0.66015625 0.46435546875 0.03076171875 0.0244140625
0 0.89306640625 0.50830078125 0.189453125 0.283203125
2 0.97021484375 0.55078125 0.02490234375 0.0244140625