0 0.66748046875 0.88623046875 0.3115234375 0.2275390625
5 0.701171875 0.8408203125 0.22314453125 0.318359375
3 0.74755859375 0.72900390625 0.06689453125 0.09619140625
0 0.57373046875 0.2763671875 0.1162109375 0.2158203125
5 0.59716796875 0.20947265625 0.10595703125 0.2197265625
5 0.56982421875 0.21044921875 0.08203125 0.205078125
1 0.59521484375 0.1298828125 0.0302734375 0.04296875
1 0.62255859375 0.1201171875 0.02587890625 0.04052734375
2 0.61376953125 0.298828125 0.0224609375 0.01953125
0 0.39453125 0.28759765625 0.13525390625 0.2353515625
5 0.40869140625 0.23681640625 0.0849609375 0.23486328125
5 0.373046875 0.21240234375 0.0810546875 0.23193359375
2 0.4375 0.30810546875 0.02587890625 0.021484375
3 0.4296875 0.1435546875 0.0302734375 0.0478515625
1 0.3955078125 0.12158203125 0.03369140625 0.05126953125