1 0.490234375 0.17333984375 0.03564453125 0.0537109375
3 0.51806640625 0.19287109375 0.0302734375 0.0478515625
3 0.78076171875 0.2080078125 0.0302734375 0.0498046875
1 0.7431640625 0.21728515625 0.04150390625 0.046875
5 0.46533203125 0.2744140625 0.0869140625 0.2587890625
5 0.5068359375 0.294921875 0.091796875 0.25
5 0.74853515625 0.30712890625 0.11279296875 0.24755859375
5 0.7138671875 0.31298828125 0.10791015625 0.23828125
0 0.486328125 0.35302734375 0.15478515625 0.25341796875
2 0.5380859375 0.376953125 0.02734375 0.025390625
0 0.7109375 0.38037109375 0.1494140625 0.25
2 0.77001953125 0.4111328125 0.02490234375 0.0234375