0 0.28564453125 0.57421875 0.15478515625 0.3291015625
5 0.28125 0.47412109375 0.14697265625 0.29541015625
3 0.3095703125 0.357421875 0.046875 0.0615234375
2 0.3330078125 0.60595703125 0.03662109375 0.033203125
0 0.45166015625 0.58642578125 0.2001953125 0.32568359375
5 0.44921875 0.4892578125 0.134765625 0.31005859375
1 0.4814453125 0.369140625 0.046875 0.07080078125
2 0.52734375 0.6279296875 0.03271484375 0.02880859375
0 0.48486328125 0.408203125 0.18505859375 0.2763671875
2 0.5615234375 0.431640625 0.0283203125 0.02490234375
5 0.4833984375 0.30712890625 0.126953125 0.2373046875
1 0.51806640625 0.21875 0.04296875 0.06005859375
0 0.38134765625 0.27978515625 0.11669921875 0.19580078125
5 0.37890625 0.21435546875 0.09716796875 0.21533203125
1 0.39599609375 0.1318359375 0.0322265625 0.0498046875
0 0.0732421875 0.34521484375 0.12451171875 0.24072265625
5 0.08056640625 0.2587890625 0.0986328125 0.248046875
2 0.107421875 0.36376953125 0.0302734375 0.0234375
3 0.0947265625 0.1611328125 0.0302734375 0.052734375