1 0.4296875 0.15185546875 0.03369140625 0.0546875
3 0.12548828125 0.19580078125 0.0302734375 0.04443359375
3 0.10693359375 0.19580078125 0.02392578125 0.04541015625
1 0.56005859375 0.2421875 0.04833984375 0.06982421875
5 0.41015625 0.24267578125 0.0927734375 0.234375
5 0.08203125 0.29150390625 0.07470703125 0.2373046875
5 0.109375 0.29345703125 0.11181640625 0.23876953125
0 0.4140625 0.306640625 0.125 0.20458984375
5 0.5244140625 0.345703125 0.13134765625 0.275390625
0 0.1064453125 0.37109375 0.12451171875 0.25927734375
3 0.35400390625 0.39892578125 0.04248046875 0.06494140625
2 0.1396484375 0.39892578125 0.03125 0.0234375
1 0.5556640625 0.42333984375 0.0537109375 0.07373046875
1 0.5244140625 0.43408203125 0.19384765625 0.2841796875
2 0.60546875 0.4609375 0.02783203125 0.0283203125
5 0.31884765625 0.51806640625 0.14404296875 0.30322265625
5 0.517578125 0.54638671875 0.14794921875 0.31982421875
0 0.32080078125 0.61865234375 0.16455078125 0.34375
0 0.517578125 0.64892578125 0.23681640625 0.34228515625
2 0.376953125 0.65771484375 0.0361328125 0.0302734375
2 0.60791015625 0.6884765625 0.02685546875 0.0322265625