1 0.70556640625 0.16748046875 0.03564453125 0.0537109375
5 0.689453125 0.232421875 0.11083984375 0.18359375
1 0.6669921875 0.2939453125 0.0439453125 0.06591796875
0 0.68701171875 0.3359375 0.1640625 0.2314453125
2 0.75244140625 0.35400390625 0.02197265625 0.02001953125
5 0.650390625 0.40380859375 0.13720703125 0.28271484375
0 0.65234375 0.4931640625 0.16162109375 0.29248046875
3 0.4365234375 0.51513671875 0.04931640625 0.07666015625
2 0.705078125 0.52685546875 0.029296875 0.025390625
5 0.412109375 0.65380859375 0.17236328125 0.35400390625
1 0.9560546875 0.65380859375 0.0654296875 0.09228515625
0 0.40771484375 0.75048828125 0.2021484375 0.37158203125
5 0.90673828125 0.80029296875 0.1865234375 0.3837890625
0 0.8681640625 0.84326171875 0.263671875 0.2998046875
4 0.91357421875 0.0849609375 0.06884765625 0.13427734375