5 0.29736328125 0.119140625 0.0859375 0.1640625
1 0.51953125 0.130859375 0.04052734375 0.0556640625
0 0.30712890625 0.1943359375 0.1162109375 0.189453125
5 0.4873046875 0.212890625 0.11279296875 0.22314453125
3 0.15234375 0.224609375 0.0341796875 0.04931640625
2 0.345703125 0.2412109375 0.01953125 0.01806640625
0 0.48583984375 0.2646484375 0.177734375 0.17041015625
1 0.3779296875 0.29443359375 0.052734375 0.064453125
5 0.14892578125 0.328125 0.1123046875 0.2568359375
5 0.3525390625 0.3671875 0.13720703125 0.20947265625
1 0.37109375 0.388671875 0.064453125 0.09228515625
0 0.14892578125 0.41357421875 0.119140625 0.27490234375
0 0.3701171875 0.46142578125 0.181640625 0.2861328125
2 0.17578125 0.48779296875 0.0361328125 0.03515625
5 0.33544921875 0.51904296875 0.1611328125 0.35107421875
2 0.4326171875 0.52197265625 0.033203125 0.03271484375
3 0.67236328125 0.55322265625 0.0537109375 0.0908203125
1 0.31201171875 0.0595703125 0.03515625 0.04443359375
0 0.33447265625 0.61181640625 0.20556640625 0.3955078125
5 0.64208984375 0.6884765625 0.17236328125 0.357421875
0 0.64013671875 0.8046875 0.19384765625 0.390625
2 0.6845703125 0.955078125 0.04638671875 0.05029296875