5 0.33984375 0.1552734375 0.10400390625 0.17626953125
3 0.1298828125 0.18603515625 0.02880859375 0.04296875
0 0.33740234375 0.2197265625 0.14501953125 0.197265625
1 0.916015625 0.22509765625 0.037109375 0.0458984375
2 0.390625 0.27001953125 0.021484375 0.02587890625
5 0.1220703125 0.2841796875 0.1015625 0.23779296875
5 0.8896484375 0.31494140625 0.10546875 0.22412109375
1 0.30615234375 0.3330078125 0.05908203125 0.0849609375
0 0.1220703125 0.373046875 0.10205078125 0.2529296875
0 0.8876953125 0.38720703125 0.15869140625 0.22216796875
2 0.95556640625 0.400390625 0.02001953125 0.025390625
2 0.1416015625 0.4326171875 0.0341796875 0.03125
3 0.58251953125 0.44677734375 0.04638671875 0.078125
5 0.26806640625 0.45068359375 0.16015625 0.3212890625
0 0.27978515625 0.54443359375 0.19384765625 0.337890625
5 0.5615234375 0.58251953125 0.14306640625 0.34716796875
2 0.3427734375 0.634765625 0.0390625 0.0400390625
0 0.56005859375 0.69140625 0.1513671875 0.3701171875
2 0.5908203125 0.80322265625 0.04345703125 0.0419921875
3 0.3681640625 0.08642578125 0.02734375 0.0390625