1 0.69482421875 0.146484375 0.0341796875 0.044921875
5 0.22998046875 0.2158203125 0.09326171875 0.26513671875
5 0.68115234375 0.23681640625 0.09375 0.2265625
0 0.2421875 0.25732421875 0.1220703125 0.2236328125
0 0.69287109375 0.29638671875 0.14892578125 0.19970703125
2 0.28271484375 0.30810546875 0.0283203125 0.0283203125
3 0.95556640625 0.3330078125 0.03857421875 0.06396484375
2 0.74853515625 0.3486328125 0.02197265625 0.0341796875
5 0.91943359375 0.43310546875 0.1318359375 0.26611328125
0 0.9013671875 0.52685546875 0.197265625 0.2783203125
1 0.24658203125 0.10791015625 0.03564453125 0.04833984375