0 0.59814453125 0.34423828125 0.158203125 0.2216796875
5 0.59912109375 0.2470703125 0.109375 0.1865234375
3 0.6240234375 0.18115234375 0.03466796875 0.05810546875
0 0.49365234375 0.20654296875 0.12646484375 0.1611328125
5 0.4921875 0.15185546875 0.08984375 0.2109375
3 0.4931640625 0.0732421875 0.03564453125 0.0361328125
2 0.66064453125 0.357421875 0.02587890625 0.02587890625
0 0.09814453125 0.18505859375 0.1201171875 0.18701171875
5 0.08740234375 0.11279296875 0.08251953125 0.17578125
3 0.10205078125 0.05712890625 0.04052734375 0.05908203125
2 0.13818359375 0.228515625 0.02294921875 0.02294921875