0 0.43603515625 0.42919921875 0.18017578125 0.296875
5 0.42919921875 0.3564453125 0.1298828125 0.30859375
1 0.4580078125 0.24072265625 0.05029296875 0.072265625
2 0.509765625 0.46142578125 0.02880859375 0.01904296875
0 0.69677734375 0.60498046875 0.21484375 0.3134765625
5 0.7060546875 0.48193359375 0.12841796875 0.2841796875
3 0.740234375 0.376953125 0.0419921875 0.0771484375
2 0.77197265625 0.64111328125 0.02880859375 0.0205078125
0 0.9033203125 0.462890625 0.19287109375 0.2626953125
5 0.9150390625 0.36962890625 0.115234375 0.2177734375
1 0.94873046875 0.29345703125 0.05029296875 0.06201171875
2 0.9775390625 0.53173828125 0.02392578125 0.025390625
0 0.4619140625 0.19287109375 0.11767578125 0.18017578125
5 0.46728515625 0.13427734375 0.08740234375 0.15576171875
1 0.48486328125 0.08251953125 0.0322265625 0.05224609375
2 0.505859375 0.244140625 0.02197265625 0.02001953125
4 0.8515625 0.08984375 0.08544921875 0.10400390625