2 0.25390625 0.1201171875 0.017578125 0.017578125
3 0.37890625 0.16650390625 0.0302734375 0.056640625
0 0.5224609375 0.171875 0.060546875 0.109375
5 0.44677734375 0.17236328125 0.09228515625 0.201171875
2 0.54052734375 0.1806640625 0.01611328125 0.0224609375
5 0.134765625 0.1923828125 0.09619140625 0.24853515625
0 0.4560546875 0.23388671875 0.12060546875 0.2041015625
0 0.1435546875 0.26025390625 0.13525390625 0.234375
5 0.359375 0.26708984375 0.0986328125 0.25927734375
2 0.1953125 0.271484375 0.025390625 0.0205078125
2 0.4970703125 0.27734375 0.02099609375 0.0224609375
3 0.5146484375 0.0322265625 0.02294921875 0.0361328125
0 0.3642578125 0.3388671875 0.1279296875 0.232421875
2 0.404296875 0.36279296875 0.0244140625 0.0263671875
5 0.5087890625 0.07861328125 0.0556640625 0.1279296875
0 0.22265625 0.08740234375 0.08837890625 0.1533203125
1 0.46875 0.09423828125 0.0341796875 0.0439453125
1 0.1533203125 0.09716796875 0.0400390625 0.0595703125