0 0.68359375 0.55810546875 0.2412109375 0.32763671875
5 0.74560546875 0.5009765625 0.1201171875 0.2880859375
5 0.6875 0.47265625 0.134765625 0.306640625
3 0.72900390625 0.3564453125 0.04052734375 0.07763671875
3 0.77734375 0.3916015625 0.0390625 0.0673828125
2 0.7822265625 0.5986328125 0.0263671875 0.03515625
0 0.8935546875 0.41943359375 0.1845703125 0.24462890625
5 0.93994140625 0.3583984375 0.1044921875 0.21826171875
5 0.896484375 0.34912109375 0.1220703125 0.24365234375
2 0.9697265625 0.44970703125 0.02001953125 0.0244140625
3 0.96923828125 0.27197265625 0.0283203125 0.04345703125
1 0.93603515625 0.251953125 0.03369140625 0.04931640625
0 0.18310546875 0.2734375 0.15283203125 0.2275390625
5 0.1728515625 0.20556640625 0.095703125 0.224609375
3 0.18115234375 0.1181640625 0.03125 0.0498046875
2 0.24072265625 0.326171875 0.02294921875 0.02294921875
0 0.04638671875 0.17822265625 0.09228515625 0.19189453125
5 0.04345703125 0.11962890625 0.08447265625 0.1845703125
3 0.0595703125 0.04638671875 0.02294921875 0.0380859375
2 0.07470703125 0.2197265625 0.0205078125 0.0185546875