0 0.8876953125 0.83251953125 0.22412109375 0.32177734375
0 0.232421875 0.20654296875 0.115234375 0.19580078125
5 0.2412109375 0.1630859375 0.09423828125 0.2001953125
5 0.21923828125 0.14697265625 0.06884765625 0.18017578125
2 0.26416015625 0.24462890625 0.02197265625 0.0205078125
3 0.26513671875 0.08154296875 0.0224609375 0.0361328125
1 0.23974609375 0.07568359375 0.0283203125 0.0380859375
0 0.1025390625 0.2392578125 0.12744140625 0.21240234375
5 0.0888671875 0.17529296875 0.0986328125 0.2255859375
1 0.107421875 0.08740234375 0.03564453125 0.05029296875
2 0.14697265625 0.24365234375 0.02490234375 0.02294921875