0 0.68115234375 0.60400390625 0.248046875 0.3408203125
5 0.6875 0.509765625 0.15234375 0.31982421875
1 0.72802734375 0.3857421875 0.05029296875 0.0703125
2 0.77978515625 0.64013671875 0.03076171875 0.03515625
0 0.69189453125 0.45458984375 0.1904296875 0.21630859375
5 0.693359375 0.3671875 0.1171875 0.16748046875
1 0.72314453125 0.31201171875 0.03857421875 0.0576171875
0 0.5439453125 0.205078125 0.11572265625 0.1865234375
5 0.5478515625 0.14111328125 0.0869140625 0.1787109375
1 0.568359375 0.0732421875 0.0302734375 0.04248046875
2 0.57958984375 0.24609375 0.02001953125 0.01904296875