0 0.8330078125 0.7958984375 0.333984375 0.38330078125
2 0.9560546875 0.861328125 0.02978515625 0.0341796875
5 0.91552734375 0.73779296875 0.1689453125 0.3115234375
5 0.85302734375 0.69140625 0.19140625 0.35693359375
3 0.970703125 0.62255859375 0.0517578125 0.0810546875
3 0.90869140625 0.55517578125 0.05078125 0.0849609375
0 0.1865234375 0.17919921875 0.1064453125 0.189453125
5 0.19580078125 0.140625 0.08349609375 0.19482421875
5 0.17333984375 0.12890625 0.0693359375 0.185546875
2 0.21484375 0.21533203125 0.021484375 0.0166015625
3 0.2138671875 0.06005859375 0.0224609375 0.03369140625
1 0.19482421875 0.05517578125 0.02587890625 0.037109375
0 0.056640625 0.20849609375 0.11279296875 0.201171875
5 0.0390625 0.14892578125 0.0771484375 0.216796875
1 0.04736328125 0.0654296875 0.03466796875 0.04931640625
2 0.0869140625 0.2109375 0.0244140625 0.0263671875