0 0.38623046875 0.14697265625 0.1025390625 0.13427734375
2 0.4228515625 0.1923828125 0.02392578125 0.021484375
3 0.3974609375 0.0283203125 0.0205078125 0.0380859375
1 0.541015625 0.3701171875 0.0400390625 0.0595703125
3 0.41650390625 0.03759765625 0.0234375 0.0400390625
5 0.4951171875 0.494140625 0.1640625 0.30859375
0 0.49853515625 0.5947265625 0.22900390625 0.337890625
2 0.58837890625 0.69140625 0.0380859375 0.046875
0 0.89990234375 0.8173828125 0.19970703125 0.36376953125
5 0.376953125 0.09423828125 0.06396484375 0.17041015625
5 0.39990234375 0.09765625 0.080078125 0.1591796875