3 0.18359375 0.1708984375 0.0302734375 0.04345703125
5 0.1630859375 0.28076171875 0.1044921875 0.26220703125
1 0.451171875 0.2880859375 0.046875 0.0654296875
0 0.1689453125 0.35302734375 0.12548828125 0.2421875
1 0.88134765625 0.35693359375 0.04638671875 0.06201171875
3 0.92431640625 0.3662109375 0.03564453125 0.05517578125
5 0.42041015625 0.40380859375 0.130859375 0.29638671875
2 0.20947265625 0.41796875 0.03271484375 0.03125
5 0.8447265625 0.462890625 0.1318359375 0.2744140625
5 0.88818359375 0.48046875 0.1396484375 0.28369140625
0 0.4208984375 0.498046875 0.20703125 0.3203125
0 0.833984375 0.55224609375 0.21923828125 0.31298828125
2 0.4990234375 0.5751953125 0.029296875 0.041015625
2 0.92529296875 0.5927734375 0.02783203125 0.0283203125