0 0.908203125 0.66455078125 0.18310546875 0.3115234375
5 0.94677734375 0.6103515625 0.10595703125 0.29052734375
0 0.85791015625 0.52978515625 0.2265625 0.205078125
5 0.93701171875 0.47705078125 0.1259765625 0.23583984375
5 0.87744140625 0.47705078125 0.14404296875 0.29443359375
3 0.9814453125 0.39501953125 0.03662109375 0.072265625
1 0.9150390625 0.36376953125 0.05224609375 0.06982421875
0 0.62744140625 0.43505859375 0.18798828125 0.26171875
5 0.6220703125 0.349609375 0.11767578125 0.25390625
1 0.64794921875 0.2529296875 0.04345703125 0.05908203125
2 0.705078125 0.44873046875 0.02490234375 0.03076171875
0 0.06640625 0.26904296875 0.1025390625 0.2255859375
5 0.0703125 0.2197265625 0.09375 0.21630859375
5 0.0537109375 0.19677734375 0.07568359375 0.22021484375
1 0.07421875 0.111328125 0.0302734375 0.04833984375
3 0.09033203125 0.13427734375 0.02880859375 0.04541015625
2 0.0927734375 0.32421875 0.02685546875 0.02294921875