5 0.0205078125 0.11669921875 0.0390625 0.12890625
5 0.029296875 0.1513671875 0.05712890625 0.150390625
1 0.56494140625 0.21728515625 0.04248046875 0.0576171875
0 0.0322265625 0.25927734375 0.06201171875 0.130859375
2 0.03955078125 0.27783203125 0.02490234375 0.02197265625
5 0.54052734375 0.31591796875 0.111328125 0.25634765625
1 0.82470703125 0.32275390625 0.0498046875 0.05908203125
1 0.8857421875 0.39111328125 0.04833984375 0.0693359375
0 0.54345703125 0.39111328125 0.1865234375 0.25
2 0.62158203125 0.408203125 0.025390625 0.0244140625
5 0.791015625 0.4189453125 0.13037109375 0.25244140625
0 0.7509765625 0.4794921875 0.16455078125 0.1865234375
5 0.83740234375 0.5166015625 0.1484375 0.31982421875
3 0.9658203125 0.55419921875 0.05517578125 0.08544921875
0 0.82421875 0.5810546875 0.24072265625 0.2724609375
5 0.91064453125 0.70458984375 0.1787109375 0.38916015625
1 0.0185546875 0.07568359375 0.0302734375 0.04541015625
0 0.88720703125 0.810546875 0.2255859375 0.37890625
3 0.033203125 0.09765625 0.029296875 0.0419921875