1 0.1044921875 0.12890625 0.03271484375 0.0498046875
3 0.3076171875 0.130859375 0.0263671875 0.0478515625
3 0.337890625 0.13525390625 0.02587890625 0.0458984375
3 0.1220703125 0.15087890625 0.029296875 0.04931640625
5 0.33935546875 0.15869140625 0.046875 0.09423828125
5 0.287109375 0.21337890625 0.08447265625 0.2138671875
5 0.07861328125 0.2177734375 0.08447265625 0.22607421875
5 0.1005859375 0.23681640625 0.0986328125 0.2216796875
0 0.2841796875 0.2607421875 0.10400390625 0.18017578125
1 0.6904296875 0.27001953125 0.04345703125 0.05810546875
0 0.091796875 0.28564453125 0.1103515625 0.22607421875
2 0.123046875 0.349609375 0.0263671875 0.0224609375
5 0.66357421875 0.3740234375 0.12646484375 0.2685546875
1 0.96240234375 0.3857421875 0.052734375 0.06494140625
0 0.6787109375 0.45556640625 0.17724609375 0.26611328125
2 0.75048828125 0.47314453125 0.02587890625 0.03173828125
5 0.9208984375 0.50341796875 0.14697265625 0.30029296875
2 0.2685546875 0.0537109375 0.01708984375 0.0146484375
0 0.89013671875 0.5517578125 0.2021484375 0.20751953125
0 0.23974609375 0.0556640625 0.08544921875 0.111328125