1 0.4150390625 0.158203125 0.0498046875 0.05224609375
5 0.3984375 0.25048828125 0.107421875 0.236328125
1 0.6435546875 0.29150390625 0.04638671875 0.06982421875
0 0.4052734375 0.32080078125 0.1630859375 0.2197265625
2 0.4716796875 0.33056640625 0.02392578125 0.025390625
5 0.6083984375 0.35302734375 0.13232421875 0.19384765625
3 0.6181640625 0.3740234375 0.04638671875 0.07080078125
3 0.68359375 0.427734375 0.04638671875 0.068359375
0 0.60498046875 0.48095703125 0.234375 0.2802734375
5 0.57666015625 0.501953125 0.146484375 0.326171875
5 0.62939453125 0.53466796875 0.1630859375 0.28271484375
0 0.583984375 0.60009765625 0.2265625 0.32861328125
2 0.6767578125 0.70751953125 0.0322265625 0.052734375