1 0.4892578125 0.1884765625 0.0458984375 0.05859375
5 0.4697265625 0.28271484375 0.1064453125 0.2490234375
1 0.75927734375 0.34130859375 0.046875 0.0732421875
0 0.47265625 0.35302734375 0.17626953125 0.23876953125
2 0.544921875 0.3681640625 0.02587890625 0.02783203125
5 0.72265625 0.4296875 0.1318359375 0.2490234375
3 0.78369140625 0.453125 0.04931640625 0.07666015625
0 0.68408203125 0.51220703125 0.18505859375 0.20556640625
3 0.85888671875 0.52197265625 0.0517578125 0.0712890625
5 0.73876953125 0.595703125 0.16064453125 0.36181640625
5 0.78515625 0.642578125 0.2001953125 0.31396484375
0 0.740234375 0.7021484375 0.25048828125 0.36328125
2 0.84716796875 0.8212890625 0.0322265625 0.05615234375