0 0.333984375 0.2587890625 0.11669921875 0.2158203125
5 0.361328125 0.20947265625 0.10595703125 0.21044921875
5 0.3271484375 0.19091796875 0.103515625 0.2080078125
1 0.35302734375 0.10888671875 0.0341796875 0.04296875
3 0.39208984375 0.12890625 0.0234375 0.04833984375
2 0.375 0.28125 0.02490234375 0.021484375
0 0.1943359375 0.25732421875 0.14111328125 0.2158203125
5 0.18408203125 0.19091796875 0.10107421875 0.22998046875
1 0.21142578125 0.1005859375 0.03271484375 0.0478515625
2 0.24560546875 0.27099609375 0.0244140625 0.021484375
0 0.0703125 0.27685546875 0.12109375 0.2392578125
5 0.080078125 0.23486328125 0.1025390625 0.2314453125
5 0.052734375 0.21044921875 0.08251953125 0.2421875
3 0.080078125 0.10986328125 0.02587890625 0.0380859375
3 0.1064453125 0.140625 0.02490234375 0.04296875
2 0.11279296875 0.3466796875 0.02734375 0.03173828125
0 0.6630859375 0.2666015625 0.064453125 0.14599609375
5 0.689453125 0.21044921875 0.0859375 0.2119140625
1 0.70703125 0.1298828125 0.03271484375 0.04931640625