5 0.1328125 0.16015625 0.09326171875 0.212890625
5 0.029296875 0.1669921875 0.05712890625 0.14990234375
5 0.291015625 0.1689453125 0.0751953125 0.2080078125
5 0.31103515625 0.17138671875 0.0908203125 0.185546875
0 0.1416015625 0.224609375 0.1328125 0.19677734375
0 0.298828125 0.2255859375 0.0908203125 0.19775390625
2 0.189453125 0.2392578125 0.021484375 0.01953125
2 0.3271484375 0.24365234375 0.02392578125 0.02294921875
0 0.03173828125 0.27099609375 0.06005859375 0.14013671875
2 0.04248046875 0.2978515625 0.02734375 0.03271484375
1 0.154296875 0.07666015625 0.03369140625 0.044921875
1 0.3115234375 0.08447265625 0.03076171875 0.0400390625
3 0.33984375 0.099609375 0.02490234375 0.04150390625
3 0.0322265625 0.111328125 0.02978515625 0.03955078125