5 0.50390625 0.13916015625 0.08203125 0.1806640625
1 0.92041015625 0.15771484375 0.02978515625 0.04541015625
0 0.5 0.181640625 0.10693359375 0.146484375
5 0.90771484375 0.21630859375 0.076171875 0.1630859375
1 0.85205078125 0.23583984375 0.03857421875 0.052734375
0 0.919921875 0.30224609375 0.095703125 0.1650390625
2 0.95654296875 0.30615234375 0.01708984375 0.021484375
5 0.81884765625 0.3232421875 0.1064453125 0.228515625
0 0.81494140625 0.39794921875 0.1826171875 0.228515625
2 0.89111328125 0.4130859375 0.02001953125 0.01953125
1 0.521484375 0.0654296875 0.0263671875 0.0341796875
0 0.90380859375 0.783203125 0.1923828125 0.3564453125