1 0.8330078125 0.12060546875 0.0283203125 0.04638671875
0 0.4287109375 0.14111328125 0.0908203125 0.1494140625
1 0.72265625 0.1845703125 0.03515625 0.05322265625
5 0.81298828125 0.1943359375 0.08642578125 0.1953125
0 0.81298828125 0.25439453125 0.126953125 0.171875
5 0.68994140625 0.2578125 0.10302734375 0.2001953125
2 0.8662109375 0.26220703125 0.01806640625 0.01953125
1 0.447265625 0.0302734375 0.0244140625 0.03173828125
0 0.69580078125 0.3310546875 0.16015625 0.2119140625
2 0.75830078125 0.34619140625 0.01904296875 0.02001953125
3 0.85009765625 0.4609375 0.04638671875 0.07568359375
3 0.91650390625 0.4912109375 0.0390625 0.07421875
5 0.8115234375 0.5927734375 0.14501953125 0.34228515625
5 0.88427734375 0.62939453125 0.14306640625 0.35205078125
0 0.80859375 0.69384765625 0.26220703125 0.35888671875
2 0.91455078125 0.75 0.02978515625 0.03125
5 0.4306640625 0.0986328125 0.07568359375 0.16845703125