0 0.77587890625 0.74560546875 0.26708984375 0.40087890625
5 0.775390625 0.64208984375 0.189453125 0.34423828125
1 0.8291015625 0.517578125 0.06689453125 0.0947265625
2 0.875 0.86376953125 0.03759765625 0.05029296875
0 0.79150390625 0.32275390625 0.15234375 0.1591796875
5 0.833984375 0.29345703125 0.1064453125 0.20263671875
5 0.79638671875 0.28515625 0.08837890625 0.21923828125
3 0.85498046875 0.21533203125 0.02880859375 0.04541015625
3 0.8232421875 0.19775390625 0.02783203125 0.04296875
0 0.28955078125 0.359375 0.16796875 0.25732421875
5 0.3310546875 0.30615234375 0.10986328125 0.26806640625
5 0.28369140625 0.28564453125 0.109375 0.2568359375
2 0.35595703125 0.3876953125 0.02685546875 0.0244140625
3 0.353515625 0.20068359375 0.029296875 0.0556640625
3 0.30908203125 0.1845703125 0.03173828125 0.0546875
0 0.2880859375 0.09033203125 0.068359375 0.14404296875
2 0.30615234375 0.10205078125 0.01708984375 0.01416015625