3 0.6845703125 0.12939453125 0.02490234375 0.0419921875
3 0.2236328125 0.13818359375 0.02783203125 0.0498046875
3 0.7080078125 0.14306640625 0.0244140625 0.0400390625
3 0.26025390625 0.15087890625 0.02587890625 0.052734375
5 0.658203125 0.20703125 0.07861328125 0.1962890625
5 0.69091796875 0.2099609375 0.09619140625 0.173828125
5 0.19970703125 0.23193359375 0.0947265625 0.23876953125
5 0.23681640625 0.24169921875 0.10107421875 0.23388671875
0 0.66162109375 0.24609375 0.123046875 0.1474609375
0 0.20654296875 0.30224609375 0.13525390625 0.2314453125
2 0.25390625 0.32568359375 0.0244140625 0.0205078125
1 0.57275390625 0.3798828125 0.05078125 0.07470703125
5 0.5341796875 0.48974609375 0.154296875 0.29248046875
2 0.24951171875 0.05615234375 0.017578125 0.01416015625
0 0.54248046875 0.5810546875 0.22216796875 0.33740234375
0 0.23583984375 0.06201171875 0.056640625 0.1083984375
2 0.6220703125 0.6826171875 0.03125 0.0458984375
0 0.9189453125 0.80859375 0.16162109375 0.330078125