0 0.869140625 0.81494140625 0.26123046875 0.3701171875
5 0.90380859375 0.72216796875 0.17236328125 0.34619140625
3 0.95068359375 0.587890625 0.0439453125 0.07568359375
0 0.7490234375 0.60400390625 0.27294921875 0.27734375
5 0.75830078125 0.5283203125 0.1494140625 0.3212890625
3 0.80419921875 0.4033203125 0.04052734375 0.072265625
0 0.84375 0.41015625 0.181640625 0.234375
5 0.84619140625 0.30712890625 0.10107421875 0.20458984375
2 0.9140625 0.423828125 0.0244140625 0.0224609375
1 0.86865234375 0.23291015625 0.04150390625 0.05810546875
0 0.609375 0.35693359375 0.1513671875 0.2392578125
5 0.59716796875 0.28466796875 0.1083984375 0.208984375
2 0.6611328125 0.3984375 0.02294921875 0.021484375
0 0.435546875 0.45361328125 0.18115234375 0.30078125
2 0.4990234375 0.5244140625 0.0302734375 0.02978515625
5 0.45947265625 0.3779296875 0.13330078125 0.23876953125
3 0.4638671875 0.28466796875 0.037109375 0.05078125
0 0.15380859375 0.3212890625 0.13427734375 0.24853515625
5 0.14990234375 0.24365234375 0.10498046875 0.23486328125
2 0.1953125 0.37841796875 0.0283203125 0.0283203125
1 0.1708984375 0.15283203125 0.03759765625 0.0546875
0 0.4716796875 0.23046875 0.1103515625 0.16796875
2 0.50634765625 0.25830078125 0.0234375 0.0234375
5 0.45947265625 0.15234375 0.08056640625 0.14453125
1 0.4755859375 0.103515625 0.0380859375 0.04638671875