0 0.8837890625 0.76318359375 0.232421875 0.38818359375
5 0.92333984375 0.68359375 0.15283203125 0.3173828125
5 0.90771484375 0.66259765625 0.1396484375 0.32958984375
3 0.97607421875 0.56396484375 0.046875 0.07763671875
3 0.9521484375 0.53369140625 0.046875 0.07177734375
0 0.85498046875 0.46533203125 0.1962890625 0.24462890625
5 0.85791015625 0.39501953125 0.1171875 0.2626953125
1 0.88671875 0.29541015625 0.044921875 0.060546875
0 0.5146484375 0.55517578125 0.21826171875 0.33447265625
5 0.5234375 0.458984375 0.1484375 0.29931640625
1 0.55859375 0.3447265625 0.05078125 0.07080078125
2 0.59912109375 0.6396484375 0.0341796875 0.0390625
0 0.1865234375 0.35107421875 0.146484375 0.2705078125
5 0.18310546875 0.2763671875 0.11572265625 0.23974609375
1 0.20751953125 0.18701171875 0.041015625 0.060546875
2 0.2373046875 0.4228515625 0.02978515625 0.03271484375
0 0.31787109375 0.17431640625 0.14404296875 0.15185546875
5 0.318359375 0.13427734375 0.0927734375 0.19921875
3 0.333984375 0.0556640625 0.02783203125 0.041015625
2 0.37841796875 0.19189453125 0.02001953125 0.0205078125
4 0.4677734375 0.09765625 0.103515625 0.17529296875
0 0.07958984375 0.19677734375 0.09912109375 0.18798828125
5 0.0927734375 0.1435546875 0.08544921875 0.205078125
5 0.0703125 0.1396484375 0.0625 0.2177734375
2 0.10595703125 0.2099609375 0.02294921875 0.01953125
3 0.1123046875 0.0634765625 0.02392578125 0.04443359375
3 0.0888671875 0.05126953125 0.02392578125 0.04150390625