5 0.25048828125 0.1220703125 0.0830078125 0.16552734375
3 0.14208984375 0.15673828125 0.0263671875 0.04296875
5 0.0361328125 0.1572265625 0.0703125 0.21826171875
0 0.23291015625 0.17041015625 0.1181640625 0.1826171875
2 0.2734375 0.2138671875 0.0185546875 0.0166015625
0 0.04638671875 0.2236328125 0.091796875 0.1923828125
2 0.078125 0.22900390625 0.0224609375 0.0244140625
5 0.126953125 0.24609375 0.10400390625 0.220703125
0 0.13671875 0.31591796875 0.1318359375 0.22802734375
2 0.1796875 0.33251953125 0.0244140625 0.0224609375
3 0.244140625 0.04345703125 0.02197265625 0.03564453125
3 0.27294921875 0.0546875 0.021484375 0.03125
3 0.04833984375 0.0693359375 0.0283203125 0.04296875
5 0.22802734375 0.1123046875 0.0712890625 0.1728515625