5 0.68603515625 0.1337890625 0.078125 0.17333984375
3 0.4208984375 0.17041015625 0.0361328125 0.05517578125
0 0.68701171875 0.18212890625 0.11962890625 0.162109375
2 0.73583984375 0.19189453125 0.01953125 0.017578125
1 0.19140625 0.201171875 0.04345703125 0.060546875
5 0.39404296875 0.27392578125 0.12841796875 0.25830078125
5 0.16064453125 0.3056640625 0.11328125 0.26806640625
1 0.64892578125 0.31689453125 0.04736328125 0.06787109375
3 0.8544921875 0.3349609375 0.03466796875 0.05908203125
0 0.40283203125 0.34912109375 0.1708984375 0.23681640625
2 0.47119140625 0.36767578125 0.02783203125 0.02880859375
0 0.17626953125 0.3828125 0.17724609375 0.25830078125
2 0.22705078125 0.39501953125 0.03271484375 0.0322265625
5 0.61669921875 0.42919921875 0.140625 0.2890625
5 0.8271484375 0.44580078125 0.12255859375 0.27978515625
0 0.615234375 0.51904296875 0.2197265625 0.29296875
0 0.8330078125 0.54150390625 0.20654296875 0.29443359375
2 0.7041015625 0.546875 0.03076171875 0.0361328125
1 0.70654296875 0.06591796875 0.025390625 0.0380859375