3 0.3642578125 0.15087890625 0.0361328125 0.04736328125
0 0.65185546875 0.162109375 0.119140625 0.1611328125
2 0.69580078125 0.1728515625 0.01953125 0.0185546875
1 0.16357421875 0.181640625 0.041015625 0.0537109375
3 0.65478515625 0.19921875 0.033203125 0.05224609375
5 0.34326171875 0.2470703125 0.11328125 0.240234375
5 0.634765625 0.26220703125 0.10986328125 0.17919921875
5 0.1337890625 0.28173828125 0.11181640625 0.2548828125
1 0.5849609375 0.28466796875 0.0478515625 0.0595703125
3 0.7666015625 0.2900390625 0.033203125 0.0537109375
0 0.3486328125 0.32177734375 0.1640625 0.22412109375
2 0.41259765625 0.33642578125 0.03076171875 0.02783203125
0 0.62548828125 0.3408203125 0.1904296875 0.18896484375
0 0.150390625 0.359375 0.158203125 0.2509765625
2 0.18994140625 0.3701171875 0.03076171875 0.029296875
5 0.5556640625 0.39111328125 0.13037109375 0.27392578125
5 0.7431640625 0.3994140625 0.1142578125 0.27294921875
0 0.5537109375 0.48046875 0.2080078125 0.2822265625
0 0.7509765625 0.49072265625 0.1923828125 0.2822265625
1 0.6669921875 0.05029296875 0.02587890625 0.03857421875
2 0.63525390625 0.505859375 0.0283203125 0.0341796875
5 0.6484375 0.10986328125 0.0771484375 0.158203125