5 0.11572265625 0.123046875 0.068359375 0.1669921875
5 0.29931640625 0.1328125 0.09375 0.16455078125
3 0.4267578125 0.13671875 0.029296875 0.0390625
1 0.32568359375 0.162109375 0.037109375 0.052734375
0 0.29833984375 0.1884765625 0.134765625 0.13916015625
5 0.05517578125 0.201171875 0.0712890625 0.23681640625
2 0.16015625 0.21533203125 0.0244140625 0.02392578125
0 0.13330078125 0.2294921875 0.0888671875 0.138671875
5 0.40869140625 0.2294921875 0.087890625 0.22607421875
5 0.3046875 0.2587890625 0.10693359375 0.24755859375
0 0.0615234375 0.26025390625 0.09033203125 0.22802734375
2 0.080078125 0.271484375 0.0302734375 0.02978515625
0 0.42529296875 0.3017578125 0.130859375 0.21826171875
0 0.3095703125 0.33203125 0.15771484375 0.22216796875
2 0.3671875 0.345703125 0.02880859375 0.02783203125
3 0.11572265625 0.060546875 0.02587890625 0.04248046875
3 0.3193359375 0.06982421875 0.02783203125 0.0380859375
0 0.5 0.09814453125 0.0947265625 0.138671875
2 0.53564453125 0.09912109375 0.0166015625 0.01513671875
1 0.0625 0.1064453125 0.03369140625 0.04638671875