1 0.2880859375 0.14453125 0.04052734375 0.048828125
5 0.35888671875 0.18701171875 0.0791015625 0.19091796875
5 0.0361328125 0.189453125 0.072265625 0.22705078125
5 0.26416015625 0.2392578125 0.10986328125 0.23974609375
0 0.04638671875 0.25439453125 0.09130859375 0.20947265625
2 0.06787109375 0.2568359375 0.03125 0.0302734375
0 0.37646484375 0.267578125 0.11376953125 0.20947265625
0 0.271484375 0.31005859375 0.15380859375 0.21240234375
2 0.32763671875 0.322265625 0.02978515625 0.02783203125
0 0.47412109375 0.08642578125 0.09033203125 0.13671875
2 0.50927734375 0.08837890625 0.0166015625 0.01513671875
1 0.044921875 0.0986328125 0.03076171875 0.04638671875
3 0.3720703125 0.11279296875 0.02587890625 0.0419921875