3 0.185546875 0.12353515625 0.02783203125 0.041015625
3 0.76708984375 0.13134765625 0.0185546875 0.03515625
3 0.78466796875 0.13232421875 0.02392578125 0.03515625
5 0.1708984375 0.19970703125 0.0947265625 0.1953125
5 0.7705078125 0.20849609375 0.08642578125 0.18603515625
5 0.7392578125 0.2099609375 0.07373046875 0.1923828125
3 0.4560546875 0.23828125 0.03857421875 0.05615234375
0 0.740234375 0.2607421875 0.1328125 0.17724609375
0 0.1796875 0.2666015625 0.1240234375 0.21435546875
2 0.79638671875 0.2763671875 0.02001953125 0.01806640625
2 0.220703125 0.31689453125 0.02490234375 0.02001953125
5 0.42919921875 0.35595703125 0.11376953125 0.291015625
0 0.4345703125 0.431640625 0.19091796875 0.28466796875
2 0.4990234375 0.44775390625 0.02783203125 0.02685546875