3 0.51171875 0.14990234375 0.0302734375 0.05322265625
0 0.16650390625 0.15673828125 0.1123046875 0.1708984375
1 0.326171875 0.17333984375 0.04052734375 0.05615234375
5 0.4873046875 0.23486328125 0.095703125 0.22314453125
5 0.30517578125 0.26806640625 0.1064453125 0.24462890625
0 0.4912109375 0.30615234375 0.15478515625 0.23583984375
3 0.203125 0.0341796875 0.02294921875 0.03857421875
0 0.3076171875 0.3466796875 0.1455078125 0.23828125
2 0.3623046875 0.36767578125 0.0283203125 0.02685546875
1 0.1806640625 0.04248046875 0.02880859375 0.04443359375
5 0.18359375 0.10791015625 0.0751953125 0.1865234375
5 0.16064453125 0.11083984375 0.06689453125 0.181640625