1 0.46826171875 0.115234375 0.02392578125 0.04052734375
3 0.4873046875 0.12353515625 0.0244140625 0.0390625
5 0.447265625 0.18505859375 0.06640625 0.1796875
3 0.70458984375 0.18701171875 0.03076171875 0.0517578125
5 0.47216796875 0.20458984375 0.10400390625 0.20068359375
0 0.46923828125 0.2587890625 0.10986328125 0.21533203125
5 0.67626953125 0.27978515625 0.11181640625 0.23583984375
2 0.5029296875 0.31005859375 0.02294921875 0.01953125
0 0.6796875 0.34765625 0.17578125 0.232421875
2 0.7529296875 0.36279296875 0.02490234375 0.02783203125
5 0.943359375 0.41552734375 0.11279296875 0.2783203125
0 0.91943359375 0.49951171875 0.1611328125 0.26953125