5 0.38623046875 0.130859375 0.05810546875 0.1455078125
3 0.59375 0.14794921875 0.03564453125 0.0537109375
5 0.56884765625 0.2314453125 0.10302734375 0.220703125
0 0.3857421875 0.240234375 0.05517578125 0.12744140625
2 0.39697265625 0.251953125 0.02099609375 0.01904296875
1 0.85546875 0.2548828125 0.03662109375 0.048828125
3 0.95166015625 0.2607421875 0.03369140625 0.04443359375
0 0.572265625 0.2939453125 0.16650390625 0.21533203125
2 0.640625 0.3076171875 0.021484375 0.0244140625
5 0.931640625 0.3212890625 0.09814453125 0.166015625
5 0.8251953125 0.3544921875 0.11376953125 0.248046875
0 0.8251953125 0.4326171875 0.1904296875 0.25537109375
2 0.90380859375 0.45556640625 0.02197265625 0.02294921875
0 0.95458984375 0.4619140625 0.09033203125 0.14794921875
2 0.98095703125 0.48193359375 0.02294921875 0.02294921875
4 0.6865234375 0.06640625 0.083984375 0.1328125
0 0.923828125 0.75244140625 0.15185546875 0.29150390625
3 0.37841796875 0.0791015625 0.025390625 0.0400390625