5 0.40673828125 0.15478515625 0.04296875 0.166015625
5 0.435546875 0.1591796875 0.06640625 0.14501953125
3 0.64599609375 0.16845703125 0.03369140625 0.0546875
5 0.625 0.259765625 0.09912109375 0.23779296875
0 0.4287109375 0.26708984375 0.08251953125 0.1357421875
1 0.912109375 0.2783203125 0.04443359375 0.06201171875
2 0.44873046875 0.27880859375 0.021484375 0.01904296875
0 0.62646484375 0.32177734375 0.173828125 0.2255859375
2 0.69580078125 0.333984375 0.02294921875 0.02783203125
5 0.88525390625 0.3828125 0.11669921875 0.27099609375
0 0.88427734375 0.46630859375 0.20263671875 0.26953125
2 0.9677734375 0.49072265625 0.02392578125 0.025390625
4 0.61865234375 0.05224609375 0.072265625 0.1044921875
3 0.41064453125 0.09326171875 0.0224609375 0.04296875
3 0.4296875 0.1044921875 0.02099609375 0.03564453125