3 0.369140625 0.119140625 0.03173828125 0.04736328125
1 0.32421875 0.119140625 0.03759765625 0.04931640625
5 0.3076171875 0.19970703125 0.07763671875 0.2109375
5 0.5126953125 0.2001953125 0.10546875 0.22216796875
5 0.33740234375 0.20263671875 0.10009765625 0.212890625
3 0.63232421875 0.20751953125 0.0205078125 0.05615234375
3 0.650390625 0.2119140625 0.03369140625 0.05126953125
0 0.5087890625 0.248046875 0.15087890625 0.18310546875
0 0.31689453125 0.2509765625 0.119140625 0.2294921875
5 0.611328125 0.25390625 0.08251953125 0.1533203125
5 0.6494140625 0.2685546875 0.08984375 0.18212890625
2 0.353515625 0.283203125 0.02587890625 0.02880859375
3 0.60302734375 0.33447265625 0.05419921875 0.072265625
0 0.61279296875 0.35107421875 0.16162109375 0.2412109375
5 0.58544921875 0.4521484375 0.14013671875 0.3046875
0 0.595703125 0.53076171875 0.19775390625 0.3203125
2 0.6630859375 0.60986328125 0.0302734375 0.03466796875
3 0.5283203125 0.11279296875 0.02978515625 0.04931640625