3 0.1513671875 0.12548828125 0.02685546875 0.0458984375
0 0.5546875 0.16162109375 0.09716796875 0.15576171875
2 0.5927734375 0.166015625 0.017578125 0.013671875
5 0.1357421875 0.216796875 0.1015625 0.22802734375
1 0.90966796875 0.2333984375 0.04052734375 0.0546875
1 0.42333984375 0.24462890625 0.0498046875 0.06396484375
3 0.93310546875 0.24853515625 0.03125 0.04736328125
3 0.72998046875 0.2568359375 0.03759765625 0.0498046875
0 0.14111328125 0.2880859375 0.12109375 0.22412109375
5 0.88330078125 0.32373046875 0.09521484375 0.2373046875
2 0.17919921875 0.33984375 0.02880859375 0.02783203125
5 0.9189453125 0.34765625 0.0869140625 0.24658203125
5 0.39697265625 0.35595703125 0.123046875 0.28466796875
5 0.70166015625 0.361328125 0.1142578125 0.2587890625
0 0.8759765625 0.39208984375 0.177734375 0.23388671875
3 0.56591796875 0.0419921875 0.02197265625 0.0341796875
3 0.5849609375 0.04296875 0.01806640625 0.0283203125
0 0.69775390625 0.43359375 0.1884765625 0.26513671875
0 0.40185546875 0.44189453125 0.1943359375 0.27685546875
1 0.95947265625 0.45263671875 0.0615234375 0.07470703125
2 0.4765625 0.46826171875 0.0283203125 0.0302734375
2 0.7724609375 0.5068359375 0.02880859375 0.03369140625
4 0.7578125 0.0537109375 0.0771484375 0.107421875
5 0.91943359375 0.58154296875 0.15966796875 0.33251953125
0 0.060546875 0.0615234375 0.10009765625 0.123046875
0 0.89306640625 0.671875 0.21337890625 0.33935546875
5 0.54736328125 0.10546875 0.0615234375 0.16015625
5 0.56787109375 0.11181640625 0.06201171875 0.16552734375