5 0.46142578125 0.134765625 0.0615234375 0.1884765625
5 0.48291015625 0.14453125 0.06982421875 0.1806640625
1 0.39794921875 0.18115234375 0.04248046875 0.05078125
5 0.27490234375 0.1865234375 0.095703125 0.2119140625
0 0.4697265625 0.1884765625 0.12353515625 0.17724609375
2 0.5185546875 0.197265625 0.0185546875 0.02001953125
2 0.04296875 0.21142578125 0.02587890625 0.0244140625
0 0.03076171875 0.23095703125 0.0615234375 0.13427734375
0 0.2705078125 0.23681640625 0.146484375 0.19140625
5 0.3779296875 0.2783203125 0.115234375 0.2470703125
0 0.37939453125 0.35107421875 0.1689453125 0.2431640625
2 0.44873046875 0.36767578125 0.02490234375 0.0263671875
2 0.37353515625 0.0517578125 0.0166015625 0.01416015625
0 0.35205078125 0.0556640625 0.0634765625 0.109375
1 0.4736328125 0.0615234375 0.0302734375 0.04150390625
3 0.48583984375 0.072265625 0.0234375 0.03515625
3 0.2958984375 0.1044921875 0.03466796875 0.04736328125