3 0.34228515625 0.11669921875 0.03271484375 0.04443359375
5 0.4951171875 0.15087890625 0.07470703125 0.19189453125
5 0.0390625 0.15869140625 0.076171875 0.21728515625
5 0.5224609375 0.16015625 0.0703125 0.1884765625
5 0.32080078125 0.20166015625 0.09765625 0.21533203125
0 0.50927734375 0.2021484375 0.125 0.18017578125
1 0.4443359375 0.20263671875 0.0400390625 0.06005859375
2 0.5576171875 0.21435546875 0.0185546875 0.01904296875
0 0.05419921875 0.23046875 0.107421875 0.1943359375
2 0.08935546875 0.23388671875 0.0263671875 0.02685546875
0 0.3154296875 0.2568359375 0.15380859375 0.1962890625
5 0.4228515625 0.302734375 0.123046875 0.25830078125
0 0.4248046875 0.37646484375 0.17626953125 0.2490234375
2 0.49609375 0.3935546875 0.0244140625 0.0263671875
2 0.39794921875 0.0634765625 0.01806640625 0.01513671875
0 0.369140625 0.06591796875 0.08056640625 0.119140625
1 0.5146484375 0.07568359375 0.033203125 0.044921875
1 0.037109375 0.0771484375 0.03759765625 0.05517578125
3 0.52392578125 0.08642578125 0.0234375 0.04052734375
4 0.9091796875 0.10986328125 0.09716796875 0.1767578125