4 0.76904296875 0.09228515625 0.091796875 0.16748046875
0 0.2744140625 0.12109375 0.140625 0.1533203125
2 0.3291015625 0.12548828125 0.01513671875 0.015625
0 0.158203125 0.2451171875 0.15185546875 0.20849609375
5 0.1572265625 0.1796875 0.10693359375 0.2265625
1 0.17529296875 0.091796875 0.0400390625 0.05029296875
2 0.22119140625 0.25537109375 0.0224609375 0.02197265625
0 0.04931640625 0.16064453125 0.0986328125 0.18798828125
5 0.03955078125 0.10498046875 0.07763671875 0.19287109375
3 0.05419921875 0.029296875 0.02587890625 0.04296875
2 0.0859375 0.2041015625 0.0234375 0.02099609375