1 0.5322265625 0.2216796875 0.03759765625 0.05419921875
3 0.57421875 0.24755859375 0.033203125 0.05419921875
5 0.50390625 0.326171875 0.11083984375 0.26513671875
5 0.53271484375 0.34765625 0.140625 0.2548828125
0 0.51953125 0.408203125 0.1591796875 0.251953125
1 0.92529296875 0.4404296875 0.056640625 0.07568359375
2 0.56787109375 0.47216796875 0.02978515625 0.0302734375
5 0.88623046875 0.572265625 0.15673828125 0.33935546875
4 0.86083984375 0.05908203125 0.0791015625 0.1181640625
0 0.87158203125 0.669921875 0.2568359375 0.33251953125
2 0.98779296875 0.70556640625 0.02392578125 0.041015625