5 0.619140625 0.11669921875 0.0634765625 0.16748046875
5 0.64208984375 0.12255859375 0.07421875 0.15576171875
0 0.623046875 0.16943359375 0.1064453125 0.16552734375
2 0.662109375 0.2099609375 0.0185546875 0.02197265625
3 0.47021484375 0.2294921875 0.02880859375 0.048828125
3 0.48046875 0.24755859375 0.03515625 0.05322265625
5 0.435546875 0.3359375 0.09619140625 0.26123046875
5 0.46875 0.34375 0.1201171875 0.24755859375
0 0.4560546875 0.41650390625 0.16943359375 0.265625
2 0.51953125 0.4736328125 0.0283203125 0.03125
1 0.63671875 0.0517578125 0.02685546875 0.03759765625
3 0.65185546875 0.06005859375 0.0185546875 0.03076171875
4 0.7705078125 0.08740234375 0.1015625 0.1748046875