4 0.88427734375 0.12890625 0.111328125 0.19873046875
0 0.576171875 0.1455078125 0.10205078125 0.1591796875
2 0.61181640625 0.18408203125 0.017578125 0.02099609375
3 0.38720703125 0.19140625 0.02783203125 0.05126953125
3 0.39501953125 0.20751953125 0.03125 0.04833984375
5 0.353515625 0.2900390625 0.09619140625 0.2490234375
5 0.390625 0.294921875 0.10693359375 0.220703125
1 0.58740234375 0.0322265625 0.0234375 0.03662109375
0 0.3759765625 0.36474609375 0.1552734375 0.2529296875
3 0.60400390625 0.0390625 0.021484375 0.03466796875
2 0.43359375 0.4169921875 0.02685546875 0.0244140625
5 0.568359375 0.09619140625 0.06103515625 0.1640625
5 0.5869140625 0.0986328125 0.0810546875 0.1533203125