1 0.32568359375 0.1279296875 0.03564453125 0.04638671875
5 0.66015625 0.14892578125 0.08203125 0.17919921875
0 0.6591796875 0.1982421875 0.11474609375 0.16943359375
2 0.70361328125 0.2119140625 0.017578125 0.0166015625
5 0.30615234375 0.21484375 0.09912109375 0.220703125
0 0.314453125 0.28271484375 0.134765625 0.21826171875
2 0.35546875 0.32958984375 0.03125 0.02685546875
3 0.80322265625 0.40478515625 0.0419921875 0.0703125
5 0.76123046875 0.52685546875 0.1513671875 0.31396484375
0 0.755859375 0.60986328125 0.25244140625 0.32421875
4 0.56689453125 0.0615234375 0.0908203125 0.123046875
2 0.86181640625 0.646484375 0.02880859375 0.0390625
3 0.6787109375 0.07861328125 0.0205078125 0.0380859375