0 0.65966796875 0.5703125 0.22900390625 0.3212890625
5 0.64990234375 0.48046875 0.15283203125 0.33544921875
1 0.6884765625 0.3505859375 0.056640625 0.0751953125
2 0.748046875 0.634765625 0.03076171875 0.04150390625
0 0.3759765625 0.61962890625 0.20068359375 0.35400390625
5 0.39111328125 0.49169921875 0.1494140625 0.35302734375
1 0.3779296875 0.3544921875 0.048828125 0.07861328125
0 0.24853515625 0.2529296875 0.1142578125 0.21044921875
5 0.24365234375 0.18603515625 0.0869140625 0.20068359375
2 0.283203125 0.28759765625 0.0234375 0.021484375
1 0.25830078125 0.10888671875 0.03125 0.046875
4 0.65869140625 0.0576171875 0.08740234375 0.11474609375