4 0.96240234375 0.1181640625 0.0751953125 0.1796875
5 0.14306640625 0.17041015625 0.0830078125 0.20263671875
0 0.13671875 0.21337890625 0.10595703125 0.20556640625
2 0.16943359375 0.2666015625 0.0234375 0.02197265625
4 0.74853515625 0.04150390625 0.06982421875 0.0830078125
1 0.8349609375 0.419921875 0.046875 0.07080078125
5 0.79345703125 0.52392578125 0.146484375 0.27880859375
0 0.80224609375 0.619140625 0.22265625 0.32958984375
4 0.67333984375 0.06689453125 0.1181640625 0.13330078125
2 0.87939453125 0.68896484375 0.02685546875 0.03271484375
3 0.150390625 0.0888671875 0.025390625 0.03857421875