4 0.96484375 0.15771484375 0.0703125 0.1865234375
5 0.0439453125 0.1630859375 0.0859375 0.2158203125
0 0.05322265625 0.22314453125 0.10595703125 0.2001953125
2 0.0869140625 0.2373046875 0.0234375 0.0185546875
1 0.44580078125 0.26708984375 0.04150390625 0.0625
5 0.43017578125 0.3701171875 0.1318359375 0.26806640625
0 0.43017578125 0.44287109375 0.19140625 0.28271484375
3 0.93994140625 0.44873046875 0.0498046875 0.06982421875
2 0.50634765625 0.4716796875 0.0283203125 0.03125
5 0.8896484375 0.57421875 0.154296875 0.318359375
0 0.873046875 0.6767578125 0.25341796875 0.3173828125
3 0.06103515625 0.07666015625 0.02490234375 0.04443359375
4 0.90185546875 0.09521484375 0.08935546875 0.17431640625