0 0.630859375 0.5673828125 0.23974609375 0.29931640625
5 0.62890625 0.4921875 0.1142578125 0.33837890625
1 0.6630859375 0.36279296875 0.0322265625 0.06982421875
5 0.693359375 0.45947265625 0.1298828125 0.2607421875
3 0.69580078125 0.365234375 0.0380859375 0.07470703125
2 0.73291015625 0.59912109375 0.0322265625 0.02587890625
0 0.69140625 0.2001953125 0.12255859375 0.15234375
5 0.6923828125 0.14306640625 0.078125 0.169921875
1 0.7099609375 0.0810546875 0.0380859375 0.04638671875
5 0.71875 0.1552734375 0.0859375 0.13623046875
3 0.728515625 0.09716796875 0.02880859375 0.0361328125
2 0.7421875 0.21533203125 0.0166015625 0.01708984375