1 0.37451171875 0.150390625 0.0341796875 0.04833984375
3 0.42626953125 0.16357421875 0.02734375 0.03857421875
5 0.3984375 0.22900390625 0.1162109375 0.16845703125
3 0.43798828125 0.232421875 0.037109375 0.05712890625
5 0.3515625 0.23779296875 0.10546875 0.22412109375
0 0.328125 0.28125 0.1240234375 0.15869140625
5 0.412109375 0.34228515625 0.12255859375 0.27685546875
3 0.5400390625 0.365234375 0.03662109375 0.05712890625
0 0.3837890625 0.39892578125 0.16259765625 0.18701171875
3 0.57373046875 0.40234375 0.04150390625 0.06640625
5 0.49462890625 0.42822265625 0.13134765625 0.18310546875
5 0.5615234375 0.4794921875 0.09423828125 0.2197265625
0 0.51416015625 0.578125 0.20361328125 0.3359375
2 0.59228515625 0.67041015625 0.03076171875 0.0419921875