3 0.3798828125 0.1865234375 0.0322265625 0.0478515625
1 0.1982421875 0.2001953125 0.041015625 0.06494140625
3 0.224609375 0.2158203125 0.033203125 0.05322265625
5 0.17041015625 0.279296875 0.09765625 0.220703125
5 0.36181640625 0.28564453125 0.1083984375 0.244140625
5 0.20263671875 0.28955078125 0.11328125 0.2001953125
3 0.97607421875 0.3193359375 0.03515625 0.056640625
0 0.181640625 0.3310546875 0.138671875 0.17138671875
0 0.3662109375 0.353515625 0.17333984375 0.24609375
2 0.43408203125 0.42236328125 0.02392578125 0.02734375
5 0.94287109375 0.42626953125 0.1142578125 0.2724609375
0 0.919921875 0.50341796875 0.15966796875 0.2705078125