1 0.2802734375 0.13427734375 0.0380859375 0.05517578125
5 0.083984375 0.1484375 0.0927734375 0.19140625
3 0.64453125 0.1533203125 0.02685546875 0.04541015625
0 0.0859375 0.2119140625 0.11669921875 0.20263671875
5 0.25390625 0.21435546875 0.10009765625 0.2138671875
5 0.62939453125 0.2373046875 0.08740234375 0.21435546875
2 0.12646484375 0.25927734375 0.0205078125 0.02587890625
0 0.22607421875 0.27490234375 0.1103515625 0.16845703125
0 0.630859375 0.29931640625 0.130859375 0.20654296875
2 0.681640625 0.3134765625 0.021484375 0.02099609375
3 0.09619140625 0.0703125 0.0263671875 0.03759765625