0 0.76708984375 0.3857421875 0.15087890625 0.2314453125
5 0.7685546875 0.31396484375 0.10791015625 0.2314453125
2 0.826171875 0.4033203125 0.021484375 0.0224609375
3 0.796875 0.22119140625 0.02685546875 0.04638671875
0 0.2080078125 0.275390625 0.13818359375 0.2265625
5 0.20263671875 0.20068359375 0.10302734375 0.2119140625
2 0.2587890625 0.33154296875 0.025390625 0.02587890625
3 0.22021484375 0.11474609375 0.0283203125 0.03955078125
0 0.068359375 0.28662109375 0.10595703125 0.2353515625
5 0.0703125 0.23388671875 0.10791015625 0.23876953125
5 0.044921875 0.2109375 0.0869140625 0.23193359375
2 0.09619140625 0.35009765625 0.0283203125 0.029296875
3 0.09228515625 0.13525390625 0.02783203125 0.04296875
1 0.0703125 0.1240234375 0.03662109375 0.05810546875