1 0.47314453125 0.18505859375 0.04052734375 0.05224609375
1 0.40185546875 0.23876953125 0.0400390625 0.06201171875
5 0.46240234375 0.26513671875 0.0869140625 0.208984375
5 0.37451171875 0.33154296875 0.119140625 0.24755859375
3 0.9599609375 0.349609375 0.037109375 0.0673828125
0 0.4833984375 0.3681640625 0.12548828125 0.21435546875
2 0.52001953125 0.37158203125 0.02587890625 0.0341796875
4 0.7255859375 0.03759765625 0.0849609375 0.07421875
0 0.384765625 0.4052734375 0.1650390625 0.22900390625
5 0.91650390625 0.45751953125 0.13671875 0.283203125
0 0.89453125 0.5390625 0.20849609375 0.28125