5 0.18994140625 0.14794921875 0.0927734375 0.18994140625
5 0.232421875 0.15869140625 0.08154296875 0.197265625
0 0.19189453125 0.19970703125 0.15087890625 0.1884765625
2 0.25341796875 0.2158203125 0.015625 0.0205078125
1 0.736328125 0.46630859375 0.06494140625 0.08984375
1 0.55859375 0.54052734375 0.05517578125 0.08154296875
5 0.70703125 0.59228515625 0.1513671875 0.33935546875
5 0.5322265625 0.67626953125 0.13525390625 0.35302734375
0 0.716796875 0.6865234375 0.22998046875 0.3857421875
3 0.21435546875 0.07080078125 0.02685546875 0.0361328125
2 0.8056640625 0.74365234375 0.03369140625 0.0419921875
3 0.24365234375 0.0791015625 0.02099609375 0.03857421875
0 0.5556640625 0.79150390625 0.18505859375 0.41015625
2 0.609375 0.91064453125 0.0380859375 0.04443359375