5 0.57373046875 0.7109375 0.15771484375 0.3505859375
1 0.60498046875 0.583984375 0.07568359375 0.08251953125
2 0.66552734375 0.96240234375 0.0390625 0.03564453125
0 0.587890625 0.81201171875 0.25634765625 0.36865234375
0 0.87255859375 0.8095703125 0.2548828125 0.380859375
5 0.88037109375 0.7197265625 0.17724609375 0.3828125
1 0.916015625 0.5830078125 0.0791015625 0.1201171875
2 0.98388671875 0.89892578125 0.0322265625 0.0283203125
0 0.2392578125 0.22509765625 0.1572265625 0.19091796875
5 0.232421875 0.177734375 0.10302734375 0.22509765625
3 0.265625 0.0859375 0.02197265625 0.0390625
5 0.28271484375 0.189453125 0.0810546875 0.2138671875
3 0.294921875 0.10546875 0.02490234375 0.0419921875
2 0.30126953125 0.23583984375 0.01708984375 0.01708984375