5 0.09912109375 0.11865234375 0.0859375 0.18701171875
5 0.146484375 0.1318359375 0.07861328125 0.1953125
0 0.107421875 0.17431640625 0.1416015625 0.16455078125
2 0.16650390625 0.1826171875 0.017578125 0.017578125
1 0.46337890625 0.29541015625 0.05517578125 0.0693359375
1 0.79345703125 0.3154296875 0.04638671875 0.06689453125
5 0.44775390625 0.37060546875 0.12548828125 0.2197265625
5 0.76513671875 0.421875 0.10888671875 0.27880859375
3 0.12548828125 0.04296875 0.0244140625 0.037109375
0 0.4677734375 0.49658203125 0.18115234375 0.30322265625
3 0.1494140625 0.05029296875 0.0205078125 0.033203125
0 0.763671875 0.50634765625 0.22119140625 0.29736328125
2 0.52783203125 0.5234375 0.0322265625 0.03662109375
2 0.85546875 0.57958984375 0.0244140625 0.03662109375