5 0.0947265625 0.123046875 0.0908203125 0.2021484375
3 0.4189453125 0.13623046875 0.0322265625 0.048828125
3 0.44287109375 0.15087890625 0.03076171875 0.04150390625
0 0.10302734375 0.17236328125 0.13720703125 0.18896484375
2 0.15087890625 0.1826171875 0.0234375 0.02783203125
5 0.390625 0.22021484375 0.10009765625 0.22021484375
5 0.43896484375 0.2451171875 0.08740234375 0.22900390625
0 0.39501953125 0.29052734375 0.17236328125 0.2060546875
2 0.46484375 0.30224609375 0.0205078125 0.0244140625
4 0.66943359375 0.03515625 0.0771484375 0.0703125
1 0.1083984375 0.04541015625 0.03466796875 0.046875
4 0.822265625 0.0625 0.08447265625 0.1044921875
1 0.7939453125 0.70166015625 0.06982421875 0.10400390625
5 0.74951171875 0.8251953125 0.18701171875 0.349609375
0 0.73681640625 0.869140625 0.31982421875 0.26171875