0 0.5546875 0.142578125 0.11279296875 0.14208984375
2 0.59326171875 0.1494140625 0.017578125 0.01513671875
1 0.67041015625 0.2236328125 0.04443359375 0.056640625
1 0.55517578125 0.0244140625 0.0234375 0.03515625
3 0.576171875 0.02880859375 0.02001953125 0.03125
5 0.6396484375 0.3232421875 0.11474609375 0.25634765625
0 0.63720703125 0.396484375 0.20068359375 0.236328125
2 0.71826171875 0.412109375 0.02099609375 0.02587890625
4 0.9443359375 0.0556640625 0.09765625 0.111328125
5 0.53564453125 0.095703125 0.06591796875 0.17529296875
5 0.5673828125 0.095703125 0.06298828125 0.162109375