5 0.25634765625 0.15673828125 0.09521484375 0.2099609375
5 0.03857421875 0.16943359375 0.0751953125 0.205078125
1 0.4853515625 0.21240234375 0.04296875 0.056640625
0 0.26025390625 0.212890625 0.1162109375 0.203125
0 0.046875 0.23388671875 0.09130859375 0.20263671875
2 0.2958984375 0.26171875 0.01904296875 0.017578125
2 0.0673828125 0.28515625 0.025390625 0.0205078125
5 0.4619140625 0.3125 0.115234375 0.25537109375
0 0.46728515625 0.39404296875 0.16796875 0.2587890625
2 0.5234375 0.4130859375 0.02783203125 0.02783203125
4 0.7060546875 0.060546875 0.0810546875 0.1162109375
1 0.27001953125 0.07421875 0.0341796875 0.04638671875
3 0.04638671875 0.087890625 0.0244140625 0.0419921875