0 0.4326171875 0.16357421875 0.0947265625 0.17919921875
2 0.46484375 0.17431640625 0.021484375 0.01806640625
5 0.03369140625 0.18798828125 0.0673828125 0.2275390625
0 0.05029296875 0.25537109375 0.1005859375 0.2099609375
2 0.06787109375 0.2666015625 0.02734375 0.02294921875
3 0.94384765625 0.27734375 0.03076171875 0.05712890625
1 0.90673828125 0.2802734375 0.04296875 0.0634765625
5 0.9052734375 0.390625 0.12109375 0.2841796875
5 0.8583984375 0.3955078125 0.11279296875 0.26123046875
1 0.4326171875 0.041015625 0.02734375 0.03662109375
0 0.86669921875 0.46533203125 0.19482421875 0.25439453125
2 0.94775390625 0.49462890625 0.0234375 0.0244140625
5 0.42529296875 0.08154296875 0.07861328125 0.1171875
4 0.55029296875 0.09619140625 0.09716796875 0.19189453125
1 0.0361328125 0.09912109375 0.03759765625 0.0517578125