0 0.89794921875 0.68310546875 0.20361328125 0.34814453125
5 0.91796875 0.5869140625 0.16357421875 0.30810546875
3 0.970703125 0.46630859375 0.03662109375 0.06787109375
0 0.3876953125 0.19873046875 0.1201171875 0.18505859375
2 0.4306640625 0.21240234375 0.0224609375 0.01904296875
5 0.404296875 0.13818359375 0.0888671875 0.20751953125
5 0.38330078125 0.1416015625 0.06982421875 0.201171875
1 0.4033203125 0.06201171875 0.029296875 0.0419921875
3 0.42919921875 0.05517578125 0.0205078125 0.041015625
0 0.3369140625 0.0908203125 0.07275390625 0.1337890625
0 0.193359375 0.0771484375 0.06201171875 0.12158203125
2 0.212890625 0.07421875 0.0166015625 0.013671875