0 0.7158203125 0.52197265625 0.216796875 0.29052734375
5 0.70556640625 0.41796875 0.12548828125 0.2802734375
3 0.72314453125 0.31005859375 0.04296875 0.0654296875
2 0.79345703125 0.591796875 0.02685546875 0.02783203125
0 0.43994140625 0.38427734375 0.162109375 0.26220703125
5 0.439453125 0.30419921875 0.1181640625 0.23583984375
2 0.50048828125 0.44970703125 0.02783203125 0.0283203125
3 0.46728515625 0.2119140625 0.03466796875 0.05224609375
0 0.23046875 0.11669921875 0.08935546875 0.15234375
2 0.25732421875 0.12158203125 0.01806640625 0.0166015625
0 0.1328125 0.05908203125 0.08837890625 0.11767578125
2 0.1669921875 0.0537109375 0.0166015625 0.013671875
4 0.6591796875 0.06103515625 0.0859375 0.1220703125