1 0.14794921875 0.1298828125 0.037109375 0.0498046875
5 0.6015625 0.1376953125 0.078125 0.18505859375
0 0.28076171875 0.1494140625 0.12548828125 0.1669921875
2 0.32958984375 0.15673828125 0.02001953125 0.021484375
0 0.60546875 0.18212890625 0.109375 0.1611328125
2 0.64453125 0.20068359375 0.02001953125 0.017578125
5 0.13037109375 0.21728515625 0.09423828125 0.2236328125
1 0.29248046875 0.2373046875 0.04296875 0.06396484375
0 0.13818359375 0.291015625 0.11328125 0.22021484375
2 0.171875 0.30810546875 0.0244140625 0.01953125
5 0.2734375 0.31005859375 0.11181640625 0.20849609375
0 0.27490234375 0.3759765625 0.162109375 0.1689453125
1 0.91064453125 0.53369140625 0.06787109375 0.10205078125
1 0.6201171875 0.0654296875 0.0302734375 0.0400390625
5 0.85302734375 0.6923828125 0.1962890625 0.41943359375
0 0.83544921875 0.8046875 0.3291015625 0.39013671875
2 0.97900390625 0.86376953125 0.03076171875 0.046875
5 0.2783203125 0.10302734375 0.08056640625 0.18115234375