1 0.099609375 0.12451171875 0.0390625 0.05419921875
5 0.0849609375 0.2216796875 0.09765625 0.24853515625
1 0.40380859375 0.2685546875 0.04931640625 0.07275390625
0 0.0908203125 0.28564453125 0.11669921875 0.22900390625
2 0.12548828125 0.30322265625 0.0283203125 0.02197265625
5 0.36962890625 0.349609375 0.14453125 0.2353515625
5 0.95263671875 0.44677734375 0.0947265625 0.25927734375
0 0.38330078125 0.46240234375 0.203125 0.24609375
0 0.93310546875 0.53564453125 0.13330078125 0.291015625
0 0.10595703125 0.08349609375 0.10009765625 0.14501953125
2 0.14453125 0.08984375 0.0185546875 0.01708984375
0 0.4111328125 0.09912109375 0.11181640625 0.1435546875
2 0.451171875 0.10595703125 0.01708984375 0.017578125