1 0.61962890625 0.15966796875 0.03125 0.05224609375
5 0.04541015625 0.16162109375 0.08203125 0.203125
5 0.607421875 0.24072265625 0.09326171875 0.2138671875
0 0.05517578125 0.26025390625 0.1025390625 0.22509765625
2 0.08740234375 0.27197265625 0.02783203125 0.02587890625
0 0.611328125 0.31396484375 0.14306640625 0.22314453125
2 0.66064453125 0.3701171875 0.02490234375 0.025390625
0 0.19287109375 0.04541015625 0.11767578125 0.08935546875
1 0.05419921875 0.087890625 0.0380859375 0.05419921875
4 0.71826171875 0.0908203125 0.1025390625 0.17626953125
4 0.84912109375 0.11279296875 0.1083984375 0.19140625