4 0.7763671875 0.09033203125 0.10546875 0.177734375
4 0.65380859375 0.07568359375 0.0927734375 0.1513671875
0 0.654296875 0.34033203125 0.1484375 0.23974609375
5 0.64892578125 0.26904296875 0.09619140625 0.22216796875
3 0.66259765625 0.17919921875 0.0361328125 0.04248046875
2 0.70556640625 0.3984375 0.0244140625 0.02392578125
0 0.08544921875 0.28857421875 0.13671875 0.228515625
5 0.072265625 0.20703125 0.1044921875 0.26611328125
1 0.0908203125 0.103515625 0.03759765625 0.05908203125
2 0.12353515625 0.29736328125 0.02734375 0.025390625
0 0.2216796875 0.0498046875 0.12255859375 0.099609375