0 0.16064453125 0.1279296875 0.0986328125 0.16357421875
2 0.18896484375 0.1552734375 0.01953125 0.0205078125
3 0.4814453125 0.232421875 0.03662109375 0.05712890625
3 0.50830078125 0.27587890625 0.029296875 0.0458984375
5 0.453125 0.34423828125 0.10595703125 0.28125
5 0.49072265625 0.36572265625 0.099609375 0.2265625
1 0.8876953125 0.40087890625 0.0478515625 0.07470703125
0 0.46923828125 0.4228515625 0.14990234375 0.29736328125
2 0.509765625 0.447265625 0.029296875 0.02392578125
5 0.8623046875 0.51513671875 0.13720703125 0.302734375
0 0.8564453125 0.60791015625 0.22900390625 0.3310546875
2 0.94775390625 0.64453125 0.02978515625 0.03173828125
5 0.14794921875 0.07421875 0.0615234375 0.146484375
5 0.17236328125 0.08203125 0.0625 0.15771484375