4 0.79736328125 0.12646484375 0.1015625 0.2021484375
3 0.353515625 0.1455078125 0.0302734375 0.0439453125
1 0.49267578125 0.1640625 0.03125 0.04736328125
3 0.38037109375 0.18408203125 0.025390625 0.0439453125
5 0.3251953125 0.24853515625 0.09619140625 0.251953125
5 0.7822265625 0.2490234375 0.0830078125 0.2099609375
5 0.478515625 0.259765625 0.09765625 0.23876953125
5 0.3642578125 0.26171875 0.0849609375 0.19921875
0 0.78076171875 0.30615234375 0.11083984375 0.1865234375
0 0.33935546875 0.31591796875 0.1435546875 0.25439453125
2 0.81884765625 0.32470703125 0.02099609375 0.01953125
0 0.48876953125 0.33056640625 0.14013671875 0.23681640625
2 0.38330078125 0.3330078125 0.0263671875 0.02197265625
2 0.52734375 0.349609375 0.02734375 0.0244140625
4 0.693359375 0.080078125 0.0986328125 0.16015625