5 0.15185546875 0.119140625 0.08544921875 0.20361328125
5 0.2744140625 0.12060546875 0.0869140625 0.189453125
0 0.15966796875 0.1689453125 0.12744140625 0.16552734375
0 0.27978515625 0.177734375 0.1318359375 0.193359375
5 0.5185546875 0.185546875 0.091796875 0.20263671875
2 0.2041015625 0.18798828125 0.0205078125 0.017578125
3 0.81298828125 0.19580078125 0.03125 0.04345703125
3 0.83935546875 0.19921875 0.03173828125 0.048828125
2 0.328125 0.21728515625 0.01904296875 0.01904296875
0 0.52001953125 0.24755859375 0.134765625 0.197265625
2 0.572265625 0.25927734375 0.02099609375 0.0234375
5 0.78759765625 0.28857421875 0.0947265625 0.23095703125
5 0.82958984375 0.2890625 0.09228515625 0.228515625
0 0.78515625 0.35107421875 0.1767578125 0.2216796875
2 0.859375 0.36767578125 0.021484375 0.03173828125
3 0.16650390625 0.0390625 0.0244140625 0.044921875
1 0.2890625 0.0478515625 0.03369140625 0.04296875
4 0.716796875 0.06884765625 0.0888671875 0.13623046875
1 0.53857421875 0.10595703125 0.0322265625 0.0419921875