4 0.91064453125 0.12646484375 0.09619140625 0.19287109375
0 0.06103515625 0.13232421875 0.11474609375 0.1669921875
5 0.39794921875 0.13427734375 0.08056640625 0.19140625
3 0.66455078125 0.13525390625 0.02490234375 0.0419921875
3 0.6904296875 0.13623046875 0.02734375 0.04296875
2 0.1015625 0.1416015625 0.0185546875 0.015625
0 0.2021484375 0.14453125 0.1318359375 0.1572265625
2 0.25390625 0.189453125 0.01611328125 0.01708984375
0 0.40185546875 0.18994140625 0.1220703125 0.17626953125
2 0.44775390625 0.19775390625 0.02197265625 0.02197265625
5 0.6376953125 0.2177734375 0.09033203125 0.20703125
5 0.68408203125 0.2197265625 0.08544921875 0.2099609375
1 0.216796875 0.025390625 0.03271484375 0.04150390625
0 0.6396484375 0.28125 0.158203125 0.20654296875
2 0.705078125 0.29638671875 0.02099609375 0.0244140625
4 0.8671875 0.05517578125 0.06884765625 0.1103515625
1 0.4150390625 0.0595703125 0.02880859375 0.04150390625
4 0.70068359375 0.0751953125 0.1181640625 0.150390625
5 0.05712890625 0.0869140625 0.0771484375 0.1728515625
5 0.20166015625 0.095703125 0.0810546875 0.181640625
4 0.96728515625 0.1044921875 0.0654296875 0.158203125