4 0.96142578125 0.16357421875 0.07666015625 0.19140625
4 0.791015625 0.07568359375 0.10302734375 0.15087890625
4 0.705078125 0.087890625 0.09228515625 0.1728515625
0 0.7890625 0.23779296875 0.13037109375 0.17919921875
5 0.78857421875 0.18359375 0.07568359375 0.193359375
3 0.80712890625 0.10498046875 0.0234375 0.03564453125
2 0.84033203125 0.251953125 0.01708984375 0.02001953125
0 0.48583984375 0.2109375 0.1376953125 0.185546875
5 0.5185546875 0.1552734375 0.07861328125 0.1923828125
5 0.48486328125 0.15771484375 0.08154296875 0.19287109375
2 0.5419921875 0.22412109375 0.0185546875 0.0224609375
3 0.505859375 0.078125 0.0224609375 0.033203125
3 0.53466796875 0.076171875 0.0224609375 0.0341796875
0 0.26953125 0.13037109375 0.11767578125 0.1630859375
5 0.2666015625 0.08642578125 0.07470703125 0.17236328125
2 0.310546875 0.13623046875 0.0185546875 0.0185546875
0 0.12841796875 0.10302734375 0.11376953125 0.12158203125
5 0.12451171875 0.07861328125 0.08203125 0.1533203125