2 0.56494140625 0.12158203125 0.01513671875 0.013671875
0 0.36474609375 0.158203125 0.12255859375 0.173828125
2 0.41064453125 0.16943359375 0.0205078125 0.01708984375
3 0.4072265625 0.03173828125 0.0205078125 0.03271484375
3 0.3818359375 0.033203125 0.02001953125 0.03662109375
4 0.771484375 0.05859375 0.07861328125 0.1171875
0 0.16455078125 0.0654296875 0.09716796875 0.1142578125
5 0.5244140625 0.0712890625 0.06640625 0.142578125
2 0.19873046875 0.09130859375 0.01806640625 0.01611328125
0 0.05224609375 0.09619140625 0.1044921875 0.15380859375
5 0.35986328125 0.1015625 0.07421875 0.17333984375
5 0.39306640625 0.1044921875 0.06884765625 0.1796875
0 0.52734375 0.1123046875 0.10205078125 0.14501953125