5 0.36328125 0.16650390625 0.08935546875 0.1884765625
3 0.2236328125 0.18701171875 0.03125 0.05029296875
3 0.19873046875 0.1943359375 0.02490234375 0.0478515625
0 0.35986328125 0.20458984375 0.091796875 0.16796875
1 0.4033203125 0.23095703125 0.04443359375 0.0576171875
5 0.19775390625 0.30126953125 0.10888671875 0.27783203125
5 0.16650390625 0.30322265625 0.091796875 0.265625
5 0.38818359375 0.33447265625 0.11572265625 0.2646484375
0 0.185546875 0.3798828125 0.12939453125 0.26123046875
2 0.22998046875 0.40234375 0.02978515625 0.02783203125
0 0.39453125 0.41845703125 0.17236328125 0.28515625
1 0.61865234375 0.43505859375 0.05419921875 0.08056640625
2 0.4580078125 0.4892578125 0.03271484375 0.03759765625
5 0.5859375 0.57080078125 0.17724609375 0.3525390625
0 0.5732421875 0.6640625 0.25048828125 0.341796875
2 0.6640625 0.70751953125 0.03125 0.0341796875
1 0.36962890625 0.09375 0.03173828125 0.04296875
0 0.46337890625 0.10693359375 0.10107421875 0.14208984375