2 0.5234375 0.11572265625 0.017578125 0.01611328125
5 0.3876953125 0.18212890625 0.0888671875 0.1923828125
3 0.26513671875 0.2119140625 0.03515625 0.0537109375
3 0.236328125 0.22021484375 0.02734375 0.0498046875
0 0.38623046875 0.2216796875 0.09375 0.171875
1 0.4423828125 0.24951171875 0.04541015625 0.0615234375
5 0.24169921875 0.32763671875 0.130859375 0.2861328125
5 0.20263671875 0.32958984375 0.09716796875 0.26904296875
5 0.42431640625 0.3525390625 0.12109375 0.26806640625
0 0.216796875 0.4033203125 0.1396484375 0.2685546875
2 0.267578125 0.43505859375 0.02978515625 0.02490234375
0 0.431640625 0.43896484375 0.17919921875 0.2841796875
1 0.67138671875 0.46630859375 0.0576171875 0.07861328125
2 0.49755859375 0.515625 0.0341796875 0.0361328125
5 0.63671875 0.603515625 0.185546875 0.35302734375
0 0.3642578125 0.06884765625 0.07177734375 0.125
0 0.6171875 0.69921875 0.25537109375 0.3544921875
2 0.720703125 0.7470703125 0.03076171875 0.03564453125
2 0.3896484375 0.0791015625 0.01708984375 0.01318359375
1 0.39599609375 0.10791015625 0.03173828125 0.04443359375
0 0.4814453125 0.10888671875 0.10986328125 0.154296875