5 0.06884765625 0.19287109375 0.091796875 0.22607421875
1 0.18603515625 0.2021484375 0.04248046875 0.05908203125
0 0.07373046875 0.25341796875 0.10107421875 0.1943359375
5 0.94384765625 0.27197265625 0.08984375 0.1962890625
5 0.1591796875 0.30322265625 0.11865234375 0.25927734375
0 0.9365234375 0.32763671875 0.126953125 0.20263671875
0 0.1669921875 0.38037109375 0.14892578125 0.2607421875
2 0.2236328125 0.408203125 0.0302734375 0.025390625
1 0.65380859375 0.4208984375 0.05615234375 0.0751953125
5 0.61376953125 0.5439453125 0.1650390625 0.3193359375
0 0.60498046875 0.6357421875 0.22265625 0.30322265625
0 0.2861328125 0.080078125 0.0927734375 0.1357421875
2 0.3212890625 0.08544921875 0.015625 0.0146484375
1 0.08544921875 0.1044921875 0.03173828125 0.05029296875