5 0.03759765625 0.1494140625 0.07421875 0.197265625
5 0.23779296875 0.17626953125 0.07177734375 0.2041015625
1 0.8828125 0.21142578125 0.03564453125 0.04931640625
0 0.04248046875 0.21337890625 0.0849609375 0.19580078125
2 0.0673828125 0.22802734375 0.02099609375 0.0185546875
0 0.24658203125 0.27587890625 0.0693359375 0.14208984375
5 0.86474609375 0.294921875 0.09521484375 0.21630859375
2 0.25537109375 0.296875 0.02685546875 0.02490234375
3 0.41845703125 0.31689453125 0.03857421875 0.06787109375
1 0.392578125 0.31884765625 0.0302734375 0.07080078125
0 0.86328125 0.34765625 0.16552734375 0.2099609375
5 0.3564453125 0.431640625 0.1015625 0.29736328125
5 0.39990234375 0.4384765625 0.12353515625 0.3095703125
0 0.9365234375 0.48974609375 0.126953125 0.2216796875
0 0.38232421875 0.5185546875 0.1767578125 0.30859375
2 0.4423828125 0.55615234375 0.03125 0.02685546875
1 0.0498046875 0.0703125 0.0302734375 0.03857421875
3 0.2392578125 0.09326171875 0.0302734375 0.03857421875