5 0.431640625 0.115234375 0.0751953125 0.1728515625
2 0.0830078125 0.14208984375 0.02197265625 0.0185546875
0 0.4296875 0.15576171875 0.1142578125 0.1484375
5 0.57568359375 0.1708984375 0.0576171875 0.095703125
5 0.50390625 0.17138671875 0.08447265625 0.212890625
0 0.50048828125 0.2158203125 0.12060546875 0.14794921875
3 0.55517578125 0.22607421875 0.02587890625 0.03759765625
3 0.580078125 0.23779296875 0.03369140625 0.046875
5 0.525390625 0.27783203125 0.0859375 0.14111328125
5 0.5537109375 0.33056640625 0.11181640625 0.23388671875
3 0.4765625 0.3505859375 0.03955078125 0.0625
0 0.54736328125 0.41015625 0.13330078125 0.27783203125
2 0.59423828125 0.04443359375 0.07958984375 0.0888671875
5 0.45263671875 0.45654296875 0.1171875 0.27392578125
1 0.4462890625 0.04736328125 0.0283203125 0.03662109375
2 0.58935546875 0.470703125 0.02490234375 0.0234375
0 0.45751953125 0.5478515625 0.17041015625 0.302734375
2 0.51513671875 0.630859375 0.0283203125 0.03076171875
5 0.5634765625 0.080078125 0.05224609375 0.12890625
1 0.52099609375 0.087890625 0.03271484375 0.04443359375
0 0.06103515625 0.10595703125 0.0791015625 0.1572265625