2 0.3369140625 0.1337890625 0.02001953125 0.01513671875
4 0.90478515625 0.13916015625 0.10302734375 0.19921875
5 0.2470703125 0.171875 0.10205078125 0.18701171875
5 0.212890625 0.1728515625 0.08984375 0.2060546875
5 0.078125 0.18017578125 0.0732421875 0.19287109375
0 0.22802734375 0.22216796875 0.1220703125 0.1982421875
0 0.08837890625 0.2431640625 0.10888671875 0.20166015625
2 0.1201171875 0.2900390625 0.0234375 0.0234375
3 0.494140625 0.39111328125 0.0419921875 0.064453125
3 0.54248046875 0.404296875 0.03955078125 0.05810546875
5 0.29248046875 0.044921875 0.0673828125 0.08935546875
5 0.4453125 0.5302734375 0.1396484375 0.3447265625
5 0.4990234375 0.53369140625 0.14306640625 0.31982421875
0 0.47119140625 0.61376953125 0.208984375 0.38427734375
0 0.201171875 0.0732421875 0.1015625 0.11328125
3 0.2412109375 0.0908203125 0.02734375 0.04345703125
0 0.30322265625 0.09814453125 0.0888671875 0.11083984375
3 0.2724609375 0.0986328125 0.02880859375 0.0419921875
3 0.08447265625 0.10498046875 0.029296875 0.04248046875