3 0.31494140625 0.12109375 0.02490234375 0.04150390625
3 0.3447265625 0.12646484375 0.02734375 0.044921875
3 0.16357421875 0.1484375 0.03076171875 0.0498046875
5 0.31591796875 0.20947265625 0.11181640625 0.21044921875
5 0.28369140625 0.21044921875 0.09423828125 0.22021484375
5 0.154296875 0.2314453125 0.083984375 0.2158203125
0 0.30419921875 0.26806640625 0.14453125 0.21875
0 0.16455078125 0.2939453125 0.109375 0.22705078125
2 0.35693359375 0.31787109375 0.01806640625 0.01806640625
2 0.1953125 0.35009765625 0.02490234375 0.02392578125
3 0.6865234375 0.53515625 0.05224609375 0.08203125
3 0.7392578125 0.54736328125 0.046875 0.064453125
5 0.62890625 0.68603515625 0.169921875 0.38134765625
5 0.693359375 0.693359375 0.1650390625 0.3544921875
0 0.64697265625 0.775390625 0.27099609375 0.43408203125
4 0.765625 0.08447265625 0.08544921875 0.1669921875