0 0.29150390625 0.40625 0.1279296875 0.236328125
5 0.28857421875 0.30712890625 0.08349609375 0.20166015625
3 0.30126953125 0.2353515625 0.0361328125 0.06103515625
2 0.33203125 0.46826171875 0.02587890625 0.0224609375
0 0.4228515625 0.33203125 0.14697265625 0.24365234375
5 0.40771484375 0.24853515625 0.076171875 0.1982421875
3 0.42919921875 0.1728515625 0.03076171875 0.04443359375
5 0.4326171875 0.26025390625 0.11279296875 0.21533203125
3 0.458984375 0.177734375 0.0302734375 0.05029296875
0 0.33984375 0.126953125 0.11669921875 0.1484375
5 0.333984375 0.06884765625 0.076171875 0.1376953125
1 0.345703125 0.017578125 0.029296875 0.03515625
4 0.77587890625 0.08251953125 0.083984375 0.1650390625
4 0.6005859375 0.04296875 0.0771484375 0.0859375