0 0.55419921875 0.68896484375 0.236328125 0.39794921875
5 0.533203125 0.58251953125 0.158203125 0.32958984375
3 0.58203125 0.4599609375 0.05078125 0.0888671875
5 0.59228515625 0.59521484375 0.15087890625 0.29736328125
3 0.634765625 0.47802734375 0.04443359375 0.05908203125
2 0.65283203125 0.76025390625 0.0361328125 0.0322265625
0 0.12890625 0.27587890625 0.10986328125 0.20361328125
5 0.12158203125 0.203125 0.08544921875 0.18994140625
3 0.12158203125 0.130859375 0.029296875 0.04638671875
2 0.15673828125 0.3193359375 0.02392578125 0.02294921875
0 0.26123046875 0.24609375 0.1259765625 0.1904296875
5 0.25146484375 0.18505859375 0.08447265625 0.1943359375
3 0.279296875 0.10693359375 0.0244140625 0.0380859375
5 0.2822265625 0.18310546875 0.091796875 0.18115234375