0 0.92431640625 0.72412109375 0.1513671875 0.3544921875
0 0.5146484375 0.45068359375 0.189453125 0.283203125
5 0.548828125 0.39892578125 0.11767578125 0.263671875
5 0.50390625 0.37158203125 0.11083984375 0.27197265625
2 0.58837890625 0.48193359375 0.02685546875 0.0263671875
3 0.56689453125 0.29150390625 0.03173828125 0.04833984375
3 0.54296875 0.26171875 0.03173828125 0.052734375
0 0.19873046875 0.39306640625 0.1416015625 0.28125
5 0.18896484375 0.3125 0.1181640625 0.2529296875
3 0.21044921875 0.2099609375 0.0361328125 0.046875
2 0.23876953125 0.4208984375 0.029296875 0.02685546875
0 0.2509765625 0.28662109375 0.13671875 0.2373046875
5 0.25244140625 0.1826171875 0.0703125 0.15771484375
1 0.25927734375 0.1279296875 0.03369140625 0.046875
2 0.29833984375 0.3115234375 0.02490234375 0.02197265625
0 0.1142578125 0.052734375 0.0849609375 0.10498046875
2 0.1484375 0.03955078125 0.017578125 0.013671875
4 0.490234375 0.04248046875 0.07568359375 0.08447265625