0 0.75439453125 0.60986328125 0.2509765625 0.32958984375
5 0.80908203125 0.5478515625 0.12841796875 0.3076171875
5 0.751953125 0.515625 0.1298828125 0.318359375
3 0.833984375 0.42578125 0.0380859375 0.06396484375
3 0.79638671875 0.3916015625 0.0390625 0.0703125
2 0.8544921875 0.6494140625 0.02587890625 0.033203125
0 0.3701171875 0.5576171875 0.1962890625 0.32568359375
5 0.36279296875 0.4541015625 0.14306640625 0.30126953125
3 0.3935546875 0.3349609375 0.04833984375 0.06396484375
0 0.4052734375 0.3984375 0.16943359375 0.2421875
5 0.39453125 0.28515625 0.11669921875 0.20654296875
1 0.41845703125 0.212890625 0.04248046875 0.06201171875
2 0.4638671875 0.42138671875 0.02880859375 0.02783203125
2 0.43701171875 0.59375 0.0322265625 0.0341796875
0 0.0771484375 0.2705078125 0.1328125 0.23779296875
5 0.09033203125 0.20263671875 0.0830078125 0.21630859375
3 0.11181640625 0.11572265625 0.0302734375 0.0439453125
5 0.056640625 0.2060546875 0.0791015625 0.23779296875
3 0.076171875 0.111328125 0.03466796875 0.04833984375