2 0.4052734375 0.13134765625 0.01708984375 0.01513671875
3 0.267578125 0.13330078125 0.025390625 0.04150390625
0 0.38134765625 0.1337890625 0.0703125 0.13232421875
1 0.37841796875 0.01708984375 0.02294921875 0.03369140625
1 0.421875 0.16357421875 0.0341796875 0.048828125
5 0.056640625 0.1708984375 0.083984375 0.18701171875
3 0.41064453125 0.17919921875 0.0283203125 0.04638671875
5 0.25244140625 0.21435546875 0.09619140625 0.2041015625
5 0.400390625 0.22607421875 0.09326171875 0.173828125
0 0.05859375 0.25634765625 0.09716796875 0.19921875
5 0.41259765625 0.271484375 0.08544921875 0.2275390625
3 0.35107421875 0.27294921875 0.03515625 0.0517578125
1 0.306640625 0.27783203125 0.04833984375 0.06201171875
0 0.2470703125 0.2802734375 0.1025390625 0.17431640625
2 0.08056640625 0.30322265625 0.0244140625 0.02099609375
0 0.40185546875 0.32666015625 0.13134765625 0.23779296875
2 0.44921875 0.34912109375 0.025390625 0.02294921875
1 0.822265625 0.365234375 0.046875 0.06689453125
1 0.66064453125 0.38232421875 0.037109375 0.0732421875
5 0.2763671875 0.3828125 0.10986328125 0.27099609375
3 0.68701171875 0.388671875 0.04296875 0.0654296875
5 0.31689453125 0.3896484375 0.12939453125 0.2861328125
4 0.6611328125 0.04345703125 0.06494140625 0.08642578125
0 0.2841796875 0.48291015625 0.16015625 0.28662109375
5 0.7939453125 0.48583984375 0.13623046875 0.30615234375
5 0.61083984375 0.4951171875 0.13232421875 0.29833984375
5 0.65576171875 0.50732421875 0.13671875 0.30078125
2 0.34326171875 0.50830078125 0.0341796875 0.029296875
0 0.810546875 0.5751953125 0.1689453125 0.31689453125
0 0.61962890625 0.58740234375 0.2099609375 0.33056640625
2 0.875 0.61083984375 0.02587890625 0.0302734375
0 0.4267578125 0.0654296875 0.08056640625 0.130859375
5 0.369140625 0.068359375 0.0537109375 0.13671875
2 0.69287109375 0.68505859375 0.029296875 0.0322265625
2 0.453125 0.06982421875 0.015625 0.01513671875
1 0.06103515625 0.10302734375 0.03662109375 0.052734375