0 0.91259765625 0.82177734375 0.1748046875 0.35498046875
0 0.5029296875 0.65869140625 0.23291015625 0.359375
5 0.54296875 0.56591796875 0.1728515625 0.3427734375
5 0.498046875 0.55224609375 0.1474609375 0.32666015625
2 0.5859375 0.70751953125 0.03662109375 0.037109375
3 0.59521484375 0.427734375 0.04345703125 0.06591796875
1 0.53955078125 0.4296875 0.060546875 0.08154296875
0 0.38916015625 0.40087890625 0.146484375 0.27392578125
5 0.38330078125 0.3310546875 0.11962890625 0.27587890625
2 0.44189453125 0.4296875 0.02978515625 0.02783203125
3 0.40771484375 0.2177734375 0.0322265625 0.0478515625
0 0.5634765625 0.4423828125 0.17626953125 0.26025390625
5 0.59619140625 0.34228515625 0.07763671875 0.17529296875
5 0.57763671875 0.31201171875 0.0966796875 0.1591796875
3 0.58349609375 0.28173828125 0.03515625 0.0546875
1 0.5947265625 0.26025390625 0.04052734375 0.0546875
0 0.15185546875 0.33544921875 0.12451171875 0.2373046875
0 0.6064453125 0.1533203125 0.10595703125 0.14892578125
2 0.64599609375 0.15966796875 0.0166015625 0.01611328125
5 0.60888671875 0.1015625 0.07275390625 0.1669921875
3 0.62255859375 0.0380859375 0.021484375 0.04052734375
0 0.4736328125 0.1787109375 0.11474609375 0.17138671875
5 0.4697265625 0.1240234375 0.0751953125 0.17529296875
1 0.48681640625 0.05517578125 0.029296875 0.03857421875
2 0.51708984375 0.185546875 0.0185546875 0.0146484375
0 0.3564453125 0.19189453125 0.10107421875 0.1611328125
5 0.36279296875 0.16650390625 0.05810546875 0.17626953125
5 0.35498046875 0.1494140625 0.09130859375 0.20654296875
3 0.376953125 0.09814453125 0.02490234375 0.03955078125
1 0.369140625 0.06591796875 0.029296875 0.0380859375
2 0.18408203125 0.396484375 0.02685546875 0.0224609375
5 0.14599609375 0.259765625 0.111328125 0.24267578125
1 0.1630859375 0.166015625 0.044921875 0.05419921875
4 0.94775390625 0.07861328125 0.08544921875 0.13330078125