3 0.4072265625 0.11572265625 0.025390625 0.04052734375
5 0.72119140625 0.15380859375 0.078125 0.17236328125
5 0.53173828125 0.1572265625 0.0859375 0.18505859375
5 0.38134765625 0.17236328125 0.0966796875 0.22265625
5 0.39501953125 0.18896484375 0.06103515625 0.1865234375
1 0.22607421875 0.20263671875 0.041015625 0.0537109375
0 0.71875 0.21142578125 0.11767578125 0.16064453125
0 0.53369140625 0.21337890625 0.12060546875 0.177734375
2 0.763671875 0.21728515625 0.02099609375 0.021484375
2 0.5810546875 0.21826171875 0.02001953125 0.01806640625
0 0.02783203125 0.2353515625 0.0556640625 0.142578125
0 0.38427734375 0.240234375 0.11083984375 0.19775390625
2 0.42578125 0.2568359375 0.0224609375 0.01953125
2 0.041015625 0.2626953125 0.02197265625 0.02197265625
3 0.49169921875 0.26953125 0.033203125 0.05322265625
5 0.19775390625 0.29345703125 0.1240234375 0.23388671875
1 0.70751953125 0.328125 0.04541015625 0.0625
3 0.70068359375 0.3486328125 0.04345703125 0.0595703125
0 0.20458984375 0.3779296875 0.14501953125 0.271484375
5 0.4638671875 0.39111328125 0.12744140625 0.2958984375
5 0.66943359375 0.43701171875 0.12548828125 0.28125
2 0.248046875 0.44677734375 0.02880859375 0.0263671875
5 0.703125 0.45068359375 0.1123046875 0.263671875
0 0.65478515625 0.48046875 0.18310546875 0.2060546875
0 0.46728515625 0.482421875 0.162109375 0.30224609375
2 0.52734375 0.49951171875 0.03125 0.02783203125
1 0.69775390625 0.5322265625 0.0673828125 0.08984375
3 0.7626953125 0.533203125 0.04541015625 0.068359375
4 0.84326171875 0.0576171875 0.0771484375 0.115234375
5 0.64208984375 0.66357421875 0.18505859375 0.3525390625
5 0.703125 0.68701171875 0.1884765625 0.375
0 0.64306640625 0.779296875 0.265625 0.3955078125
1 0.39306640625 0.08447265625 0.04345703125 0.04736328125
2 0.74951171875 0.84033203125 0.03759765625 0.0419921875
1 0.55029296875 0.0849609375 0.03076171875 0.0419921875
3 0.736328125 0.08544921875 0.02001953125 0.0361328125
4 0.8994140625 0.09326171875 0.08056640625 0.16552734375