3 0.19140625 0.1669921875 0.0322265625 0.046875
1 0.1533203125 0.1767578125 0.0419921875 0.05029296875
5 0.2890625 0.193359375 0.08203125 0.21630859375
3 0.4111328125 0.2236328125 0.03662109375 0.060546875
0 0.27880859375 0.23974609375 0.11279296875 0.1962890625
5 0.12939453125 0.25927734375 0.08935546875 0.2138671875
3 0.611328125 0.26318359375 0.0419921875 0.06103515625
5 0.16162109375 0.27490234375 0.11279296875 0.2626953125
5 0.384765625 0.33837890625 0.12451171875 0.28955078125
0 0.146484375 0.345703125 0.12255859375 0.240234375
5 0.59814453125 0.36669921875 0.1396484375 0.26904296875
2 0.18115234375 0.36767578125 0.029296875 0.0224609375
0 0.37646484375 0.404296875 0.1533203125 0.27490234375
0 0.5859375 0.447265625 0.18701171875 0.275390625
2 0.65771484375 0.4755859375 0.02783203125 0.02587890625
2 0.42626953125 0.47802734375 0.02783203125 0.021484375
4 0.8603515625 0.09130859375 0.0849609375 0.17578125
3 0.294921875 0.10595703125 0.0283203125 0.04150390625