4 0.923828125 0.11767578125 0.09033203125 0.19189453125
3 0.158203125 0.14892578125 0.029296875 0.03759765625
1 0.12353515625 0.1533203125 0.03955078125 0.048828125
5 0.26513671875 0.17431640625 0.07421875 0.21142578125
3 0.3603515625 0.197265625 0.0380859375 0.05859375
3 0.345703125 0.20361328125 0.0263671875 0.0556640625
0 0.25537109375 0.21630859375 0.111328125 0.1875
2 0.29345703125 0.2392578125 0.02294921875 0.01904296875
1 0.5751953125 0.23974609375 0.0380859375 0.06005859375
5 0.10400390625 0.24853515625 0.08154296875 0.24072265625
5 0.13037109375 0.25048828125 0.10400390625 0.2392578125
5 0.31396484375 0.291015625 0.0830078125 0.22998046875
5 0.33935546875 0.29638671875 0.11767578125 0.2587890625
0 0.11962890625 0.3251953125 0.109375 0.22216796875
2 0.14892578125 0.337890625 0.02734375 0.02294921875
5 0.54833984375 0.34326171875 0.13330078125 0.265625
0 0.330078125 0.36669921875 0.142578125 0.25537109375
0 0.54833984375 0.423828125 0.17724609375 0.267578125
2 0.3740234375 0.43798828125 0.0283203125 0.02783203125
1 0.97509765625 0.44287109375 0.048828125 0.083984375
2 0.61376953125 0.4482421875 0.02783203125 0.0283203125
5 0.93798828125 0.5458984375 0.12353515625 0.29052734375
0 0.90625 0.62890625 0.1875 0.25927734375
3 0.9208984375 0.65283203125 0.05126953125 0.08447265625
5 0.87060546875 0.787109375 0.18994140625 0.35107421875
0 0.86083984375 0.84326171875 0.27783203125 0.31298828125
3 0.271484375 0.08984375 0.02587890625 0.04052734375