1 0.34716796875 0.12451171875 0.0361328125 0.05126953125
0 0.1015625 0.20458984375 0.09619140625 0.18212890625
5 0.33154296875 0.2138671875 0.1015625 0.2314453125
1 0.498046875 0.2177734375 0.03759765625 0.0537109375
2 0.12744140625 0.248046875 0.02197265625 0.017578125
0 0.333984375 0.27783203125 0.13232421875 0.21630859375
0 0.873046875 0.29296875 0.14453125 0.17041015625
2 0.38037109375 0.29736328125 0.02490234375 0.02099609375
5 0.47900390625 0.30224609375 0.12060546875 0.22412109375
3 0.4130859375 0.3466796875 0.04052734375 0.06103515625
1 0.66845703125 0.34716796875 0.04833984375 0.0771484375
3 0.72705078125 0.36669921875 0.04052734375 0.0673828125
0 0.48828125 0.396484375 0.17333984375 0.2490234375
5 0.3916015625 0.451171875 0.13134765625 0.27099609375
5 0.63037109375 0.4716796875 0.13671875 0.326171875
5 0.68798828125 0.484375 0.13720703125 0.30224609375
4 0.6142578125 0.0546875 0.076171875 0.109375
0 0.39990234375 0.5478515625 0.20166015625 0.33203125
0 0.6357421875 0.55517578125 0.2392578125 0.3271484375
2 0.7265625 0.58251953125 0.0302734375 0.0341796875
2 0.466796875 0.62939453125 0.03076171875 0.03076171875
4 0.91845703125 0.0908203125 0.0654296875 0.15869140625
4 0.7392578125 0.10205078125 0.10302734375 0.2041015625