3 0.04638671875 0.1259765625 0.029296875 0.0439453125
0 0.08740234375 0.13916015625 0.08984375 0.1455078125
1 0.0888671875 0.01806640625 0.03173828125 0.0361328125
5 0.14453125 0.18115234375 0.08349609375 0.220703125
5 0.1748046875 0.18359375 0.09326171875 0.212890625
5 0.04052734375 0.20458984375 0.078125 0.20166015625
1 0.98388671875 0.224609375 0.0322265625 0.05859375
0 0.16064453125 0.2421875 0.13720703125 0.22119140625
2 0.19775390625 0.251953125 0.02197265625 0.02099609375
0 0.0458984375 0.27587890625 0.091796875 0.2119140625
1 0.7529296875 0.2822265625 0.0458984375 0.05615234375
5 0.95166015625 0.28662109375 0.09619140625 0.18212890625
2 0.06982421875 0.3173828125 0.0244140625 0.025390625
0 0.9365234375 0.36328125 0.126953125 0.201171875
5 0.72119140625 0.3876953125 0.13037109375 0.26611328125
4 0.494140625 0.04443359375 0.0751953125 0.0888671875
0 0.716796875 0.46923828125 0.2041015625 0.26025390625
2 0.80126953125 0.48974609375 0.0283203125 0.0322265625
5 0.0859375 0.0673828125 0.07666015625 0.13427734375
0 0.931640625 0.69482421875 0.13671875 0.32177734375
4 0.6826171875 0.08203125 0.09130859375 0.1640625
1 0.16796875 0.09716796875 0.03369140625 0.0546875
3 0.19970703125 0.10302734375 0.02783203125 0.05126953125