4 0.82568359375 0.138671875 0.10400390625 0.2080078125
5 0.083984375 0.1513671875 0.07080078125 0.21044921875
5 0.10693359375 0.15185546875 0.08203125 0.19970703125
5 0.0244140625 0.16455078125 0.04736328125 0.16796875
2 0.1318359375 0.21240234375 0.0244140625 0.02099609375
1 0.62109375 0.21728515625 0.044921875 0.0546875
0 0.10302734375 0.22021484375 0.1083984375 0.173828125
0 0.03076171875 0.2744140625 0.05908203125 0.14306640625
2 0.03466796875 0.28759765625 0.02490234375 0.0224609375
5 0.59423828125 0.32080078125 0.12353515625 0.26123046875
0 0.5927734375 0.390625 0.18408203125 0.255859375
1 0.87548828125 0.4033203125 0.0498046875 0.072265625
2 0.666015625 0.41650390625 0.0283203125 0.02783203125
5 0.84375 0.5126953125 0.12451171875 0.29052734375
0 0.84130859375 0.60888671875 0.21435546875 0.33203125
1 0.1015625 0.0673828125 0.03369140625 0.0439453125
2 0.919921875 0.7001953125 0.0263671875 0.029296875
3 0.12744140625 0.0703125 0.0205078125 0.0361328125
4 0.60546875 0.072265625 0.0859375 0.142578125
3 0.013671875 0.1015625 0.02685546875 0.041015625