4 0.96142578125 0.19140625 0.0771484375 0.205078125
5 0.330078125 0.197265625 0.09765625 0.21826171875
1 0.59375 0.2451171875 0.04443359375 0.0556640625
0 0.34130859375 0.25390625 0.130859375 0.20947265625
2 0.3896484375 0.2685546875 0.0244140625 0.0244140625
5 0.57177734375 0.34228515625 0.10302734375 0.25048828125
0 0.57568359375 0.42431640625 0.166015625 0.27978515625
2 0.63134765625 0.49169921875 0.0263671875 0.0224609375
1 0.79833984375 0.5341796875 0.0615234375 0.0830078125
4 0.8125 0.0546875 0.07568359375 0.10791015625
5 0.74658203125 0.671875 0.17919921875 0.35546875
4 0.69287109375 0.0712890625 0.0927734375 0.142578125
0 0.7392578125 0.78076171875 0.27783203125 0.365234375
2 0.85302734375 0.83056640625 0.03564453125 0.04296875
1 0.3525390625 0.10986328125 0.03515625 0.04296875