1 0.50537109375 0.169921875 0.04248046875 0.05322265625
2 0.07080078125 0.18017578125 0.02197265625 0.02197265625
4 0.96484375 0.18701171875 0.0703125 0.189453125
0 0.0576171875 0.201171875 0.08447265625 0.1455078125
5 0.4794921875 0.2685546875 0.1171875 0.248046875
1 0.75 0.333984375 0.04443359375 0.0595703125
0 0.48388671875 0.3388671875 0.1611328125 0.22412109375
2 0.544921875 0.35107421875 0.02783203125 0.02783203125
4 0.5751953125 0.03955078125 0.126953125 0.078125
1 0.04052734375 0.0419921875 0.03271484375 0.04931640625
5 0.7197265625 0.44189453125 0.1181640625 0.275390625
3 0.0654296875 0.048828125 0.02587890625 0.0390625
0 0.7216796875 0.52587890625 0.1943359375 0.31298828125
2 0.791015625 0.60400390625 0.02734375 0.02685546875
5 0.02880859375 0.0947265625 0.05712890625 0.15478515625
4 0.744140625 0.10302734375 0.09619140625 0.19775390625
5 0.0546875 0.10595703125 0.06982421875 0.15185546875