4 0.9482421875 0.14453125 0.103515625 0.18359375
1 0.43017578125 0.16162109375 0.03515625 0.044921875
2 0.22216796875 0.1904296875 0.02197265625 0.01953125
0 0.2001953125 0.2080078125 0.07666015625 0.1298828125
5 0.41015625 0.25 0.0908203125 0.22216796875
0 0.416015625 0.29296875 0.1455078125 0.1796875
1 0.4482421875 0.3232421875 0.04638671875 0.0595703125
5 0.4189453125 0.439453125 0.13671875 0.29296875
1 0.1923828125 0.04541015625 0.03076171875 0.04052734375
0 0.4208984375 0.5283203125 0.19677734375 0.31396484375
2 0.49072265625 0.56298828125 0.03369140625 0.033203125
4 0.7802734375 0.06591796875 0.11669921875 0.1318359375
4 0.8720703125 0.09912109375 0.09521484375 0.17626953125
5 0.18603515625 0.107421875 0.06005859375 0.16552734375