0 0.0458984375 0.11572265625 0.0908203125 0.17041015625
2 0.072265625 0.1513671875 0.0185546875 0.0166015625
3 0.24853515625 0.17236328125 0.0322265625 0.05419921875
3 0.279296875 0.1982421875 0.0341796875 0.052734375
5 0.21533203125 0.26904296875 0.10009765625 0.24853515625
5 0.25 0.29541015625 0.11572265625 0.2470703125
0 0.22705078125 0.34375 0.14404296875 0.2626953125
2 0.27197265625 0.4150390625 0.0263671875 0.0224609375
1 0.24658203125 0.5615234375 0.06591796875 0.0849609375
5 0.2060546875 0.720703125 0.18408203125 0.40234375
4 0.72265625 0.0751953125 0.09765625 0.14990234375
0 0.2197265625 0.81103515625 0.23681640625 0.3779296875
2 0.298828125 0.92724609375 0.0498046875 0.056640625