5 0.0234375 0.13427734375 0.046875 0.15087890625
0 0.1396484375 0.16357421875 0.1064453125 0.18408203125
2 0.17333984375 0.203125 0.01953125 0.0166015625
2 0.0478515625 0.2392578125 0.02734375 0.0283203125
0 0.03564453125 0.2568359375 0.0712890625 0.1396484375
3 0.56201171875 0.322265625 0.0439453125 0.0654296875
1 0.14697265625 0.03564453125 0.029296875 0.041015625
3 0.60546875 0.3671875 0.0478515625 0.07373046875
5 0.52099609375 0.4375 0.12744140625 0.29638671875
5 0.57861328125 0.46484375 0.13525390625 0.26611328125
0 0.52978515625 0.521484375 0.22119140625 0.30859375
1 0.0126953125 0.08251953125 0.02392578125 0.0478515625
5 0.13134765625 0.10546875 0.076171875 0.18017578125