2 0.05810546875 0.14404296875 0.02001953125 0.0166015625
3 0.21337890625 0.15380859375 0.03125 0.046875
3 0.23974609375 0.1796875 0.03271484375 0.05126953125
5 0.181640625 0.244140625 0.095703125 0.22900390625
5 0.2109375 0.271484375 0.1103515625 0.23486328125
0 0.19140625 0.32275390625 0.13232421875 0.24267578125
4 0.48046875 0.0380859375 0.07470703125 0.076171875
2 0.2333984375 0.3876953125 0.02587890625 0.02392578125
1 0.21044921875 0.52587890625 0.06494140625 0.08984375
5 0.1728515625 0.67626953125 0.17333984375 0.392578125
5 0.02880859375 0.0693359375 0.05517578125 0.138671875
4 0.79443359375 0.072265625 0.1064453125 0.138671875
0 0.1865234375 0.79052734375 0.21533203125 0.41845703125
2 0.2548828125 0.86962890625 0.048828125 0.048828125
0 0.03857421875 0.111328125 0.0751953125 0.16162109375