3 0.1181640625 0.1162109375 0.03369140625 0.05615234375
5 0.06689453125 0.171875 0.08154296875 0.20263671875
5 0.08740234375 0.19677734375 0.1064453125 0.21630859375
0 0.0771484375 0.2421875 0.1171875 0.2041015625
2 0.10986328125 0.30126953125 0.0234375 0.02197265625
1 0.12841796875 0.3828125 0.052734375 0.080078125
5 0.115234375 0.53564453125 0.1328125 0.38427734375
4 0.80126953125 0.056640625 0.07666015625 0.109375
4 0.66455078125 0.06005859375 0.1953125 0.119140625
0 0.11279296875 0.62646484375 0.14404296875 0.380859375
2 0.13427734375 0.6806640625 0.04736328125 0.05322265625
2 0.4169921875 0.0703125 0.0185546875 0.015625
0 0.3916015625 0.07080078125 0.076171875 0.12451171875
3 0.0888671875 0.095703125 0.02587890625 0.0498046875