5 0.20556640625 0.1474609375 0.06494140625 0.17529296875
2 0.24853515625 0.24658203125 0.02587890625 0.021484375
0 0.22802734375 0.26708984375 0.087890625 0.14697265625
1 0.3173828125 0.34326171875 0.04931640625 0.0654296875
3 0.767578125 0.3740234375 0.03515625 0.0556640625
5 0.28662109375 0.47900390625 0.14404296875 0.33349609375
5 0.73046875 0.49365234375 0.14111328125 0.2939453125
0 0.72998046875 0.5771484375 0.203125 0.29248046875
0 0.302734375 0.58642578125 0.1953125 0.3408203125
2 0.36083984375 0.61767578125 0.04345703125 0.044921875
2 0.80615234375 0.61767578125 0.02587890625 0.03173828125
1 0.203125 0.08349609375 0.03369140625 0.0478515625