1 0.37158203125 0.15966796875 0.03857421875 0.05126953125
5 0.353515625 0.2646484375 0.11083984375 0.263671875
2 0.02294921875 0.26611328125 0.02880859375 0.0283203125
0 0.02587890625 0.28466796875 0.0517578125 0.14794921875
0 0.3662109375 0.3291015625 0.16259765625 0.25537109375
2 0.41943359375 0.35009765625 0.0283203125 0.02490234375
1 0.53955078125 0.50732421875 0.06494140625 0.080078125
4 0.763671875 0.0576171875 0.08203125 0.11474609375
4 0.67236328125 0.05908203125 0.0830078125 0.1181640625
5 0.49072265625 0.66259765625 0.18505859375 0.38720703125
0 0.49658203125 0.78515625 0.27294921875 0.423828125
2 0.60302734375 0.84033203125 0.04736328125 0.05322265625