1 0.26904296875 0.1142578125 0.03369140625 0.04931640625
5 0.26220703125 0.2021484375 0.0830078125 0.22509765625
0 0.27880859375 0.26513671875 0.125 0.2275390625
2 0.31591796875 0.28662109375 0.0283203125 0.02490234375
1 0.3857421875 0.39892578125 0.05224609375 0.06982421875
3 0.87646484375 0.4345703125 0.03857421875 0.05615234375
5 0.35107421875 0.54296875 0.15869140625 0.359375
5 0.83203125 0.5595703125 0.16162109375 0.3076171875
0 0.82861328125 0.64599609375 0.22998046875 0.30859375
0 0.365234375 0.64697265625 0.212890625 0.37451171875
2 0.91650390625 0.68994140625 0.02734375 0.03466796875
2 0.4326171875 0.6904296875 0.044921875 0.0478515625