1 0.30419921875 0.126953125 0.0322265625 0.05078125
5 0.29150390625 0.2255859375 0.0947265625 0.248046875
0 0.3056640625 0.287109375 0.14111328125 0.23828125
2 0.35009765625 0.306640625 0.0263671875 0.02294921875
1 0.4306640625 0.4287109375 0.052734375 0.0703125
3 0.93310546875 0.46728515625 0.04052734375 0.05859375
5 0.392578125 0.5751953125 0.16015625 0.36328125
5 0.8876953125 0.59130859375 0.154296875 0.30615234375
0 0.87841796875 0.6845703125 0.23583984375 0.31201171875
0 0.40234375 0.68798828125 0.22607421875 0.39013671875
4 0.81591796875 0.0693359375 0.1083984375 0.138671875
2 0.9716796875 0.73193359375 0.02734375 0.03759765625
2 0.4794921875 0.736328125 0.0478515625 0.048828125