1 0.1142578125 0.17236328125 0.04052734375 0.052734375
5 0.2734375 0.173828125 0.07861328125 0.205078125
0 0.27880859375 0.232421875 0.08935546875 0.18798828125
2 0.306640625 0.24755859375 0.021484375 0.02197265625
5 0.10791015625 0.279296875 0.1015625 0.26708984375
0 0.119140625 0.3583984375 0.12939453125 0.2626953125
2 0.14892578125 0.376953125 0.0341796875 0.033203125
1 0.78076171875 0.4697265625 0.05712890625 0.0703125
5 0.73388671875 0.60302734375 0.169921875 0.3369140625
3 0.93701171875 0.6484375 0.06640625 0.08154296875
0 0.72998046875 0.66943359375 0.26220703125 0.30712890625
4 0.486328125 0.078125 0.10546875 0.154296875
5 0.87939453125 0.7880859375 0.21142578125 0.36328125
4 0.67578125 0.08056640625 0.09716796875 0.16064453125
0 0.86328125 0.8447265625 0.2734375 0.310546875
3 0.28173828125 0.09033203125 0.0263671875 0.03857421875