1 0.07177734375 0.1298828125 0.0390625 0.05224609375
2 0.17333984375 0.1728515625 0.02001953125 0.017578125
0 0.15869140625 0.1806640625 0.06396484375 0.12451171875
5 0.06689453125 0.2255859375 0.0966796875 0.2431640625
1 0.4375 0.27880859375 0.0546875 0.0673828125
0 0.07568359375 0.30029296875 0.11279296875 0.2421875
2 0.09912109375 0.31982421875 0.0302734375 0.0283203125
1 0.154296875 0.03369140625 0.02099609375 0.03125
5 0.408203125 0.3916015625 0.13330078125 0.29150390625
3 0.66015625 0.4521484375 0.0537109375 0.08935546875
0 0.41845703125 0.4765625 0.19287109375 0.29296875
2 0.48388671875 0.50390625 0.03076171875 0.025390625
5 0.619140625 0.58837890625 0.173828125 0.359375
0 0.615234375 0.6845703125 0.216796875 0.3818359375
2 0.68896484375 0.79931640625 0.03662109375 0.046875
5 0.1484375 0.1123046875 0.0546875 0.18798828125