3 0.32080078125 0.30419921875 0.0361328125 0.0537109375
3 0.345703125 0.31591796875 0.03759765625 0.064453125
5 0.28662109375 0.41455078125 0.10595703125 0.2744140625
5 0.31689453125 0.42138671875 0.13037109375 0.275390625
1 0.84814453125 0.42822265625 0.05517578125 0.0712890625
0 0.29150390625 0.50439453125 0.1796875 0.296875
0 0.37451171875 0.05322265625 0.0712890625 0.1064453125
2 0.3515625 0.5361328125 0.03271484375 0.03515625
5 0.80224609375 0.552734375 0.1572265625 0.3212890625
0 0.7919921875 0.6455078125 0.2373046875 0.34130859375
2 0.8857421875 0.68310546875 0.033203125 0.03515625
2 0.39208984375 0.0751953125 0.01611328125 0.0146484375