5 0.2158203125 0.1416015625 0.08642578125 0.1923828125
0 0.212890625 0.20068359375 0.08056640625 0.18603515625
2 0.236328125 0.20849609375 0.0244140625 0.0205078125
1 0.267578125 0.31689453125 0.0478515625 0.064453125
5 0.23681640625 0.43603515625 0.14697265625 0.30224609375
0 0.23779296875 0.5390625 0.177734375 0.3310546875
2 0.30224609375 0.5849609375 0.03466796875 0.03271484375
1 0.64697265625 0.62841796875 0.07470703125 0.09912109375
1 0.23583984375 0.06494140625 0.02978515625 0.04052734375
5 0.603515625 0.7607421875 0.17919921875 0.35986328125
0 0.603515625 0.83349609375 0.27587890625 0.3330078125