0 0.2275390625 0.146484375 0.0703125 0.162109375
2 0.21044921875 0.15380859375 0.021484375 0.02099609375
1 0.10888671875 0.177734375 0.04150390625 0.06103515625
1 0.23583984375 0.02490234375 0.02685546875 0.0400390625
5 0.091796875 0.27880859375 0.10400390625 0.26171875
0 0.09814453125 0.36669921875 0.11669921875 0.27099609375
1 0.30078125 0.37353515625 0.05322265625 0.0732421875
2 0.1259765625 0.396484375 0.03173828125 0.02685546875
5 0.28271484375 0.4814453125 0.126953125 0.29150390625
0 0.27978515625 0.58203125 0.1640625 0.337890625
2 0.33349609375 0.673828125 0.03759765625 0.03271484375
5 0.2294921875 0.09765625 0.056640625 0.18603515625