5 0.21435546875 0.1181640625 0.07763671875 0.1923828125
0 0.21337890625 0.16552734375 0.05419921875 0.1806640625
2 0.2109375 0.173828125 0.0234375 0.02099609375
3 0.1572265625 0.22998046875 0.0390625 0.06103515625
5 0.13818359375 0.3359375 0.1171875 0.27294921875
1 0.22705078125 0.0419921875 0.02880859375 0.0390625
0 0.140625 0.42578125 0.12646484375 0.287109375
1 0.40771484375 0.4541015625 0.0625 0.08154296875
2 0.1767578125 0.4609375 0.03173828125 0.02685546875
5 0.38134765625 0.572265625 0.1435546875 0.31884765625
0 0.380859375 0.67919921875 0.201171875 0.36669921875
2 0.453125 0.78857421875 0.037109375 0.03857421875