3 0.08984375 0.1162109375 0.0263671875 0.04052734375
3 0.060546875 0.11669921875 0.02734375 0.04345703125
5 0.06884765625 0.2109375 0.10693359375 0.2353515625
5 0.0380859375 0.21337890625 0.0751953125 0.2333984375
0 0.05859375 0.27685546875 0.11669921875 0.22216796875
2 0.083984375 0.28759765625 0.0283203125 0.02587890625
1 0.8974609375 0.599609375 0.07275390625 0.10546875
3 0.9736328125 0.61865234375 0.052734375 0.0791015625
5 0.8369140625 0.7734375 0.21533203125 0.453125
5 0.9033203125 0.7783203125 0.193359375 0.396484375
0 0.826171875 0.833984375 0.34716796875 0.33154296875
2 0.98486328125 0.947265625 0.0302734375 0.044921875