1 0.349609375 0.27685546875 0.0458984375 0.07958984375
3 0.3984375 0.29833984375 0.037109375 0.05615234375
5 0.3310546875 0.3427734375 0.0830078125 0.2119140625
1 0.23486328125 0.35791015625 0.05029296875 0.06689453125
5 0.37158203125 0.37255859375 0.11181640625 0.2041015625
3 0.2763671875 0.3798828125 0.04296875 0.0654296875
1 0.93994140625 0.4599609375 0.04248046875 0.06689453125
5 0.20166015625 0.474609375 0.1181640625 0.30029296875
1 0.6767578125 0.48486328125 0.06591796875 0.09033203125
0 0.349609375 0.49267578125 0.15673828125 0.3203125
5 0.25341796875 0.494140625 0.150390625 0.29248046875
2 0.38916015625 0.53662109375 0.033203125 0.0302734375
0 0.2158203125 0.56689453125 0.177734375 0.31884765625
5 0.9228515625 0.5830078125 0.111328125 0.3134765625
2 0.27734375 0.60107421875 0.03564453125 0.03271484375
5 0.6318359375 0.615234375 0.1748046875 0.35302734375
0 0.87744140625 0.66357421875 0.24462890625 0.3232421875
0 0.62646484375 0.7314453125 0.2587890625 0.361328125
2 0.7275390625 0.77880859375 0.03515625 0.0400390625