0 0.69140625 0.56103515625 0.2314453125 0.31884765625
5 0.67529296875 0.4716796875 0.13525390625 0.291015625
1 0.69287109375 0.35791015625 0.04443359375 0.0615234375
2 0.77734375 0.646484375 0.0263671875 0.041015625
0 0.47314453125 0.58642578125 0.1904296875 0.31103515625
5 0.47216796875 0.48828125 0.1572265625 0.31298828125
1 0.5087890625 0.36962890625 0.0576171875 0.07568359375
0 0.28564453125 0.421875 0.12939453125 0.28369140625
5 0.2939453125 0.3427734375 0.1259765625 0.27734375
3 0.31298828125 0.23291015625 0.03857421875 0.056640625
2 0.3076171875 0.45654296875 0.03271484375 0.02734375
0 0.09375 0.42578125 0.12451171875 0.2763671875
5 0.11328125 0.36279296875 0.12841796875 0.25341796875
5 0.07958984375 0.3447265625 0.09033203125 0.25927734375
3 0.13671875 0.2626953125 0.03466796875 0.052734375
1 0.10498046875 0.2431640625 0.03857421875 0.056640625
2 0.12890625 0.455078125 0.03125 0.02490234375