0 0.09033203125 0.4130859375 0.11376953125 0.2548828125
5 0.10205078125 0.3271484375 0.12548828125 0.21533203125
3 0.12255859375 0.2529296875 0.0400390625 0.0595703125
5 0.08154296875 0.310546875 0.0927734375 0.2353515625
1 0.09619140625 0.2236328125 0.04150390625 0.064453125
2 0.11474609375 0.43896484375 0.03271484375 0.0244140625
0 0.28369140625 0.4130859375 0.11767578125 0.2646484375
5 0.29345703125 0.30615234375 0.12255859375 0.26123046875
1 0.30712890625 0.21484375 0.04345703125 0.078125
2 0.3046875 0.44873046875 0.03271484375 0.02490234375
0 0.6640625 0.552734375 0.2275390625 0.32275390625
5 0.658203125 0.4501953125 0.12890625 0.25439453125
1 0.67138671875 0.3525390625 0.037109375 0.056640625
2 0.74853515625 0.63427734375 0.0263671875 0.03515625