1 0.3046875 0.22607421875 0.0419921875 0.076171875
3 0.32421875 0.23779296875 0.0322265625 0.05517578125
1 0.1142578125 0.2490234375 0.0390625 0.0712890625
3 0.1513671875 0.275390625 0.03369140625 0.0498046875
5 0.27783203125 0.33740234375 0.0966796875 0.29931640625
5 0.2958984375 0.35205078125 0.126953125 0.283203125
5 0.091796875 0.353515625 0.08740234375 0.27978515625
1 0.72119140625 0.37255859375 0.0439453125 0.068359375
5 0.12841796875 0.37548828125 0.1328125 0.2470703125
1 0.52490234375 0.38720703125 0.05712890625 0.08203125
0 0.291015625 0.43359375 0.125 0.28466796875
0 0.10791015625 0.4443359375 0.126953125 0.2822265625
2 0.314453125 0.46533203125 0.03271484375 0.02685546875
2 0.14453125 0.4716796875 0.03173828125 0.02587890625
5 0.69677734375 0.48291015625 0.13623046875 0.2900390625
5 0.4833984375 0.50439453125 0.14111328125 0.31640625
0 0.7197265625 0.57470703125 0.228515625 0.32421875
0 0.48583984375 0.607421875 0.2001953125 0.318359375
2 0.80908203125 0.66015625 0.025390625 0.04248046875