1 0.05224609375 0.1591796875 0.03466796875 0.0615234375
1 0.2431640625 0.1640625 0.0341796875 0.06201171875
3 0.26904296875 0.17724609375 0.03125 0.04638671875
3 0.0693359375 0.18017578125 0.02880859375 0.04638671875
5 0.2236328125 0.2099609375 0.07666015625 0.154296875
1 0.490234375 0.24169921875 0.03515625 0.04443359375
5 0.03662109375 0.24169921875 0.07177734375 0.22509765625
5 0.05712890625 0.27197265625 0.09814453125 0.22900390625
5 0.24267578125 0.27880859375 0.11767578125 0.2490234375
1 0.416015625 0.29296875 0.05078125 0.06982421875
0 0.0458984375 0.3291015625 0.09130859375 0.2470703125
5 0.4892578125 0.341796875 0.09423828125 0.2451171875
2 0.06201171875 0.35205078125 0.029296875 0.02490234375
0 0.24169921875 0.35986328125 0.11962890625 0.24951171875
2 0.26318359375 0.38330078125 0.02978515625 0.02587890625
5 0.39453125 0.4013671875 0.1318359375 0.28662109375
0 0.50390625 0.421875 0.12548828125 0.27783203125
2 0.53564453125 0.49365234375 0.02978515625 0.0322265625
0 0.392578125 0.49365234375 0.134765625 0.31396484375
2 0.4306640625 0.53125 0.03466796875 0.0263671875