3 0.1953125 0.12109375 0.0322265625 0.05126953125
1 0.01708984375 0.123046875 0.03369140625 0.05810546875
1 0.03125 0.1318359375 0.0341796875 0.056640625
5 0.02197265625 0.16162109375 0.0439453125 0.1376953125
3 0.36474609375 0.1630859375 0.033203125 0.0439453125
5 0.15283203125 0.2060546875 0.07177734375 0.26708984375
5 0.03759765625 0.20751953125 0.0732421875 0.1953125
5 0.17919921875 0.20947265625 0.10009765625 0.228515625
5 0.361328125 0.22021484375 0.0927734375 0.158203125
1 0.34375 0.23291015625 0.05224609375 0.068359375
0 0.16845703125 0.27734375 0.11376953125 0.220703125
2 0.03857421875 0.28759765625 0.0263671875 0.0224609375
0 0.033203125 0.29638671875 0.0615234375 0.15625
2 0.19384765625 0.2998046875 0.02734375 0.025390625
0 0.36376953125 0.310546875 0.1240234375 0.19921875
5 0.33251953125 0.33251953125 0.1103515625 0.27001953125
2 0.3955078125 0.3818359375 0.02978515625 0.03271484375
0 0.3349609375 0.42236328125 0.1337890625 0.27001953125
2 0.37353515625 0.44677734375 0.03271484375 0.029296875
1 0.16943359375 0.10791015625 0.037109375 0.0673828125