0 0.07421875 0.2392578125 0.12841796875 0.17333984375
5 0.076171875 0.16552734375 0.08251953125 0.19873046875
1 0.091796875 0.0869140625 0.0322265625 0.04248046875
2 0.1220703125 0.2421875 0.02490234375 0.01953125
2 0.17431640625 0.203125 0.0224609375 0.02197265625
5 0.14599609375 0.078125 0.07568359375 0.115234375
1 0.14990234375 0.03564453125 0.03271484375 0.0302734375
0 0.15673828125 0.19287109375 0.076171875 0.1201171875
0 0.6318359375 0.78515625 0.240234375 0.3857421875
5 0.60205078125 0.6640625 0.14306640625 0.35302734375
3 0.64892578125 0.5224609375 0.04345703125 0.06982421875
5 0.6474609375 0.7373046875 0.17626953125 0.373046875
3 0.70458984375 0.5849609375 0.05615234375 0.07080078125
2 0.72021484375 0.9580078125 0.03662109375 0.0380859375