0 0.486328125 0.66357421875 0.2119140625 0.36474609375
5 0.46142578125 0.54150390625 0.12353515625 0.322265625
5 0.4931640625 0.60400390625 0.1513671875 0.32958984375
3 0.4951171875 0.41259765625 0.04296875 0.0654296875
3 0.54345703125 0.47216796875 0.0439453125 0.0634765625
2 0.55908203125 0.80126953125 0.03271484375 0.04296875
0 0.77294921875 0.4814453125 0.21044921875 0.2646484375
5 0.7900390625 0.43701171875 0.13671875 0.31982421875
1 0.802734375 0.306640625 0.046875 0.0576171875
2 0.861328125 0.51171875 0.02587890625 0.02734375
0 0.0888671875 0.1416015625 0.09130859375 0.13330078125
2 0.111328125 0.1591796875 0.01953125 0.0205078125
5 0.08251953125 0.07275390625 0.06982421875 0.14453125
1 0.08984375 0.0107421875 0.01611328125 0.021484375
0 0.83154296875 0.85888671875 0.33544921875 0.27880859375
5 0.875 0.80859375 0.2080078125 0.3681640625
3 0.93994140625 0.6650390625 0.05078125 0.0810546875