1 0.66796875 0.24560546875 0.04150390625 0.06494140625
3 0.35302734375 0.3056640625 0.03515625 0.05322265625
3 0.38818359375 0.35400390625 0.04052734375 0.06591796875
5 0.64697265625 0.3671875 0.11279296875 0.30712890625
1 0.8564453125 0.4091796875 0.05908203125 0.068359375
0 0.64208984375 0.41162109375 0.19873046875 0.255859375
5 0.32177734375 0.43115234375 0.107421875 0.3046875
2 0.7265625 0.4375 0.02197265625 0.025390625
5 0.35009765625 0.47216796875 0.14453125 0.30224609375
3 0.64306640625 0.5205078125 0.04638671875 0.0732421875
0 0.349609375 0.5322265625 0.1748046875 0.32763671875
5 0.8232421875 0.533203125 0.150390625 0.31494140625
3 0.71826171875 0.54150390625 0.04345703125 0.0732421875
0 0.818359375 0.6259765625 0.28173828125 0.314453125
2 0.404296875 0.65185546875 0.033203125 0.0341796875
2 0.92236328125 0.6591796875 0.025390625 0.0341796875
5 0.58935546875 0.68212890625 0.1904296875 0.39794921875
5 0.6669921875 0.69189453125 0.18701171875 0.37451171875
0 0.59423828125 0.77734375 0.31884765625 0.4052734375
2 0.73193359375 0.8447265625 0.0380859375 0.04736328125