0 0.400390625 0.5791015625 0.18212890625 0.33544921875
5 0.37255859375 0.4716796875 0.099609375 0.30908203125
3 0.400390625 0.34716796875 0.037109375 0.06005859375
5 0.404296875 0.5224609375 0.146484375 0.2978515625
3 0.4423828125 0.39892578125 0.03955078125 0.05224609375
2 0.46240234375 0.70556640625 0.03466796875 0.03515625
0 0.6923828125 0.42724609375 0.201171875 0.23583984375
5 0.7021484375 0.39501953125 0.1494140625 0.30078125
1 0.72607421875 0.2734375 0.048828125 0.060546875
2 0.78076171875 0.46484375 0.02392578125 0.02197265625
0 0.69384765625 0.81689453125 0.3603515625 0.3662109375
5 0.6962890625 0.736328125 0.19482421875 0.39208984375
3 0.75244140625 0.57861328125 0.05078125 0.0693359375
5 0.802734375 0.73388671875 0.1640625 0.37060546875
3 0.83447265625 0.595703125 0.0576171875 0.08837890625
2 0.8525390625 0.91015625 0.02978515625 0.0478515625
0 0.892578125 0.67431640625 0.21484375 0.30322265625
5 0.91552734375 0.5283203125 0.15576171875 0.224609375
5 0.95068359375 0.4580078125 0.072265625 0.07080078125
0 0.04443359375 0.09619140625 0.07861328125 0.13037109375
5 0.04736328125 0.0419921875 0.0654296875 0.083984375
2 0.06689453125 0.13427734375 0.02197265625 0.0205078125