0 0.0732421875 0.11767578125 0.08837890625 0.15673828125
2 0.09716796875 0.14990234375 0.0205078125 0.0205078125
1 0.77197265625 0.29443359375 0.05126953125 0.06982421875
3 0.46240234375 0.38623046875 0.03857421875 0.06689453125
5 0.755859375 0.41845703125 0.1162109375 0.31591796875
3 0.5078125 0.4462890625 0.04541015625 0.07568359375
0 0.74560546875 0.4658203125 0.21044921875 0.27392578125
2 0.83447265625 0.4951171875 0.02734375 0.0283203125
5 0.4306640625 0.52001953125 0.11962890625 0.333984375
5 0.462890625 0.56982421875 0.14306640625 0.3212890625
0 0.45556640625 0.63232421875 0.205078125 0.361328125
3 0.875 0.6357421875 0.05224609375 0.08447265625
3 0.96923828125 0.65869140625 0.0546875 0.08935546875
2 0.52392578125 0.77099609375 0.03515625 0.0341796875
5 0.81396484375 0.79638671875 0.2060546875 0.4072265625
5 0.9091796875 0.80712890625 0.181640625 0.3857421875
0 0.8056640625 0.84423828125 0.388671875 0.31103515625
2 0.98193359375 0.97314453125 0.033203125 0.04736328125