1 0.60888671875 0.1318359375 0.037109375 0.0546875
1 0.46923828125 0.16796875 0.0361328125 0.0458984375
3 0.19921875 0.17626953125 0.03076171875 0.0458984375
5 0.5947265625 0.21533203125 0.08447265625 0.22265625
3 0.220703125 0.21728515625 0.033203125 0.0556640625
5 0.45263671875 0.21826171875 0.10302734375 0.1474609375
1 0.49658203125 0.2421875 0.04638671875 0.06103515625
5 0.177734375 0.2802734375 0.07421875 0.24951171875
0 0.60107421875 0.28515625 0.109375 0.2041015625
0 0.416015625 0.2880859375 0.12646484375 0.1640625
2 0.63134765625 0.29345703125 0.0244140625 0.02294921875
5 0.201171875 0.3056640625 0.09521484375 0.23828125
5 0.47119140625 0.345703125 0.12353515625 0.2685546875
3 0.32177734375 0.34814453125 0.0361328125 0.06689453125
3 0.375 0.3671875 0.0380859375 0.060546875
0 0.1943359375 0.36962890625 0.10986328125 0.232421875
0 0.47705078125 0.4345703125 0.1796875 0.2548828125
2 0.54541015625 0.45458984375 0.02392578125 0.02734375
5 0.27734375 0.47314453125 0.150390625 0.31689453125
0 0.9375 0.48779296875 0.125 0.248046875
5 0.33984375 0.49072265625 0.15673828125 0.3076171875
0 0.298828125 0.56982421875 0.224609375 0.3486328125
2 0.38330078125 0.6201171875 0.03857421875 0.03759765625