1 0.541015625 0.19580078125 0.0390625 0.0576171875
3 0.25048828125 0.22119140625 0.03076171875 0.04931640625
3 0.2783203125 0.26123046875 0.03564453125 0.0576171875
1 0.82177734375 0.26513671875 0.04345703125 0.06787109375
5 0.5283203125 0.267578125 0.1162109375 0.19970703125
1 0.62255859375 0.3017578125 0.05078125 0.06787109375
0 0.5126953125 0.32470703125 0.17822265625 0.18408203125
5 0.2255859375 0.32958984375 0.08349609375 0.26416015625
5 0.24951171875 0.36328125 0.11181640625 0.2626953125
5 0.798828125 0.3642578125 0.111328125 0.26611328125
3 0.423828125 0.40869140625 0.04443359375 0.0732421875
5 0.5869140625 0.41015625 0.13671875 0.28173828125
3 0.48291015625 0.4248046875 0.05078125 0.06787109375
0 0.24609375 0.42626953125 0.126953125 0.27734375
0 0.802734375 0.44091796875 0.1533203125 0.26123046875
2 0.861328125 0.466796875 0.0263671875 0.025390625
0 0.59375 0.4970703125 0.2021484375 0.2822265625
2 0.2841796875 0.525390625 0.03076171875 0.029296875
2 0.6728515625 0.52880859375 0.02783203125 0.03125
5 0.38232421875 0.54736328125 0.15283203125 0.3525390625
5 0.44921875 0.56005859375 0.1591796875 0.3349609375
0 0.3935546875 0.6435546875 0.26318359375 0.36669921875
2 0.501953125 0.697265625 0.03955078125 0.0390625