5 0.34716796875 0.5224609375 0.1552734375 0.34326171875
5 0.4111328125 0.53173828125 0.15966796875 0.32958984375
0 0.361328125 0.6171875 0.25341796875 0.3623046875
2 0.4599609375 0.67138671875 0.0390625 0.03662109375
3 0.38916015625 0.38427734375 0.0390625 0.0673828125
3 0.44873046875 0.400390625 0.04638671875 0.06640625
0 0.55517578125 0.46826171875 0.20703125 0.2958984375
5 0.546875 0.38671875 0.13037109375 0.27978515625
1 0.5771484375 0.27880859375 0.046875 0.0634765625
2 0.62744140625 0.5029296875 0.02587890625 0.03076171875
0 0.72314453125 0.38232421875 0.14599609375 0.23876953125
5 0.7197265625 0.30615234375 0.1005859375 0.244140625
1 0.74072265625 0.212890625 0.037109375 0.05712890625
2 0.77783203125 0.40087890625 0.0244140625 0.021484375
0 0.47900390625 0.310546875 0.16455078125 0.17626953125
5 0.49462890625 0.2509765625 0.10498046875 0.17919921875
1 0.51611328125 0.18798828125 0.037109375 0.052734375
0 0.22412109375 0.40576171875 0.1162109375 0.267578125
5 0.20751953125 0.31396484375 0.0791015625 0.2666015625
5 0.2265625 0.3447265625 0.11083984375 0.25634765625
3 0.23193359375 0.205078125 0.02978515625 0.04833984375
3 0.26025390625 0.24560546875 0.0361328125 0.05712890625