0 0.3251953125 0.115234375 0.091796875 0.15625
2 0.35595703125 0.12109375 0.01806640625 0.0146484375
3 0.09375 0.1396484375 0.02978515625 0.0439453125
5 0.19970703125 0.18701171875 0.0947265625 0.23388671875
1 0.451171875 0.19384765625 0.03857421875 0.05126953125
3 0.62939453125 0.197265625 0.041015625 0.06005859375
1 0.6005859375 0.19921875 0.0283203125 0.05322265625
5 0.08935546875 0.2314453125 0.09619140625 0.228515625
0 0.20361328125 0.24951171875 0.10888671875 0.1953125
2 0.23828125 0.25927734375 0.02490234375 0.01953125
5 0.42578125 0.28759765625 0.10546875 0.2392578125
5 0.60302734375 0.29150390625 0.11669921875 0.24658203125
0 0.07958984375 0.3095703125 0.111328125 0.224609375
5 0.56396484375 0.3115234375 0.103515625 0.27783203125
2 0.103515625 0.3271484375 0.0302734375 0.0234375
0 0.578125 0.36181640625 0.15478515625 0.2529296875
0 0.43017578125 0.36572265625 0.1474609375 0.25244140625
2 0.6279296875 0.4287109375 0.025390625 0.02587890625
2 0.47607421875 0.4296875 0.03173828125 0.03076171875
1 0.2158203125 0.09326171875 0.03466796875 0.046875