4 0.89013671875 0.1142578125 0.10107421875 0.1865234375
1 0.26171875 0.1201171875 0.0341796875 0.04931640625
5 0.435546875 0.1220703125 0.07763671875 0.17919921875
0 0.4384765625 0.1787109375 0.1064453125 0.169921875
2 0.47509765625 0.18408203125 0.021484375 0.01611328125
3 0.14306640625 0.19140625 0.03173828125 0.04638671875
5 0.24853515625 0.21337890625 0.09716796875 0.23583984375
1 0.7353515625 0.26416015625 0.03369140625 0.06201171875
1 0.58447265625 0.26708984375 0.04052734375 0.0537109375
3 0.76806640625 0.267578125 0.03564453125 0.05810546875
0 0.24951171875 0.283203125 0.1162109375 0.216796875
2 0.287109375 0.29736328125 0.02685546875 0.021484375
5 0.13623046875 0.29833984375 0.10693359375 0.259765625
5 0.69921875 0.36767578125 0.1064453125 0.26904296875
5 0.7373046875 0.36865234375 0.1298828125 0.26171875
5 0.552734375 0.36865234375 0.12255859375 0.2578125
2 0.14990234375 0.3955078125 0.03173828125 0.0244140625
0 0.14501953125 0.40625 0.0810546875 0.16748046875
0 0.70849609375 0.44091796875 0.17138671875 0.27197265625
0 0.556640625 0.4580078125 0.15869140625 0.2841796875
1 0.4541015625 0.05029296875 0.02587890625 0.03662109375
2 0.76953125 0.5166015625 0.02734375 0.0283203125
2 0.60595703125 0.533203125 0.03515625 0.03466796875