1 0.60107421875 0.11767578125 0.03125 0.03955078125
2 0.31787109375 0.15576171875 0.03955078125 0.0537109375
5 0.5771484375 0.197265625 0.0908203125 0.19970703125
3 0.18505859375 0.232421875 0.02880859375 0.0458984375
3 0.20654296875 0.2431640625 0.0322265625 0.04736328125
5 0.29931640625 0.24853515625 0.11181640625 0.23974609375
0 0.5810546875 0.2548828125 0.1318359375 0.19677734375
2 0.6279296875 0.2666015625 0.01904296875 0.01708984375
0 0.3056640625 0.322265625 0.1357421875 0.23046875
1 0.8857421875 0.33740234375 0.0419921875 0.07080078125
2 0.349609375 0.34130859375 0.02587890625 0.02197265625
3 0.9228515625 0.34326171875 0.03857421875 0.0625
5 0.14013671875 0.34375 0.12451171875 0.26904296875
5 0.1875 0.353515625 0.12841796875 0.26806640625
1 0.7685546875 0.3779296875 0.048828125 0.06640625
0 0.17041015625 0.42333984375 0.13134765625 0.28515625
5 0.85302734375 0.4287109375 0.107421875 0.251953125
5 0.88525390625 0.45751953125 0.14111328125 0.29150390625
2 0.20263671875 0.46875 0.03759765625 0.02587890625
5 0.72216796875 0.48828125 0.15576171875 0.28857421875
4 0.65869140625 0.052734375 0.07861328125 0.10546875
0 0.875 0.5244140625 0.154296875 0.29833984375
0 0.72119140625 0.58984375 0.20263671875 0.326171875
2 0.92236328125 0.611328125 0.0263671875 0.03125
2 0.7880859375 0.68017578125 0.0361328125 0.03955078125