0 0.07666015625 0.1474609375 0.08251953125 0.154296875
5 0.17822265625 0.15087890625 0.0908203125 0.19873046875
2 0.099609375 0.1513671875 0.02099609375 0.01708984375
0 0.26708984375 0.1640625 0.09228515625 0.1806640625
1 0.08251953125 0.01708984375 0.029296875 0.0341796875
2 0.2939453125 0.21142578125 0.0224609375 0.0185546875
0 0.1845703125 0.21435546875 0.11669921875 0.197265625
2 0.22216796875 0.26123046875 0.0263671875 0.0244140625
3 0.2998046875 0.0361328125 0.02490234375 0.03466796875
1 0.279296875 0.0400390625 0.0263671875 0.0419921875
1 0.2001953125 0.0712890625 0.029296875 0.0390625
5 0.0732421875 0.0927734375 0.07470703125 0.185546875
5 0.26025390625 0.1044921875 0.0654296875 0.17138671875
5 0.279296875 0.10546875 0.083984375 0.17431640625