1 0.3798828125 0.15380859375 0.03369140625 0.05078125
5 0.17333984375 0.15673828125 0.0927734375 0.2119140625
3 0.54296875 0.15673828125 0.02734375 0.05419921875
1 0.52197265625 0.15869140625 0.0283203125 0.05517578125
5 0.0595703125 0.20556640625 0.08642578125 0.228515625
0 0.17578125 0.2265625 0.099609375 0.18701171875
2 0.20849609375 0.23583984375 0.02294921875 0.017578125
5 0.353515625 0.24072265625 0.10693359375 0.2236328125
5 0.52099609375 0.25244140625 0.1162109375 0.2451171875
5 0.48779296875 0.26416015625 0.09765625 0.26708984375
0 0.06884765625 0.2978515625 0.0595703125 0.16455078125
0 0.50244140625 0.3115234375 0.138671875 0.23583984375
0 0.3603515625 0.31884765625 0.1357421875 0.2421875
2 0.54541015625 0.37548828125 0.02685546875 0.025390625
2 0.404296875 0.37890625 0.02978515625 0.02978515625
1 0.18798828125 0.07421875 0.0302734375 0.04638671875
0 0.2587890625 0.08447265625 0.0791015625 0.14453125
2 0.2890625 0.0869140625 0.0166015625 0.013671875
3 0.05810546875 0.10986328125 0.0263671875 0.0380859375