0 0.24169921875 0.24951171875 0.12451171875 0.201171875
5 0.2314453125 0.1845703125 0.09716796875 0.2197265625
1 0.25634765625 0.09716796875 0.03076171875 0.04638671875
2 0.2802734375 0.29541015625 0.02783203125 0.02587890625
0 0.3408203125 0.208984375 0.1005859375 0.2021484375
5 0.32763671875 0.1474609375 0.06982421875 0.18603515625
3 0.34912109375 0.080078125 0.02294921875 0.0439453125
5 0.3671875 0.1455078125 0.06787109375 0.18603515625
3 0.37109375 0.07421875 0.02392578125 0.0390625
2 0.3740234375 0.26123046875 0.02490234375 0.0244140625
0 0.111328125 0.1806640625 0.09033203125 0.15283203125
5 0.1123046875 0.095703125 0.08251953125 0.1572265625
1 0.1240234375 0.03759765625 0.03076171875 0.04443359375
2 0.1396484375 0.181640625 0.0244140625 0.017578125