0 0.30419921875 0.29443359375 0.11962890625 0.21923828125
5 0.29736328125 0.21240234375 0.10546875 0.20849609375
1 0.322265625 0.1328125 0.0341796875 0.0419921875
2 0.34326171875 0.33837890625 0.029296875 0.02783203125
0 0.43017578125 0.25390625 0.1259765625 0.2255859375
5 0.41552734375 0.22412109375 0.0849609375 0.25
1 0.44482421875 0.1279296875 0.0224609375 0.05078125
5 0.45751953125 0.18603515625 0.08935546875 0.1748046875
3 0.46728515625 0.1220703125 0.0302734375 0.0439453125
2 0.47265625 0.32666015625 0.029296875 0.0263671875
0 0.1484375 0.20263671875 0.099609375 0.19873046875
5 0.14599609375 0.14794921875 0.0859375 0.20751953125
1 0.16015625 0.06396484375 0.033203125 0.041015625
2 0.17919921875 0.21484375 0.02490234375 0.017578125
0 0.03857421875 0.2646484375 0.0771484375 0.162109375
2 0.05078125 0.2529296875 0.02978515625 0.02001953125
5 0.03466796875 0.12890625 0.0693359375 0.1328125
1 0.03125 0.08251953125 0.03076171875 0.04052734375
0 0.20654296875 0.07763671875 0.07421875 0.09765625
2 0.23388671875 0.05908203125 0.017578125 0.01416015625