2 0.048828125 0.11572265625 0.0185546875 0.01416015625
0 0.03076171875 0.11669921875 0.06103515625 0.1337890625
0 0.1923828125 0.11962890625 0.0849609375 0.16455078125
2 0.21337890625 0.16064453125 0.02099609375 0.0185546875
0 0.1015625 0.1728515625 0.107421875 0.18359375
2 0.13427734375 0.21142578125 0.0244140625 0.02294921875
1 0.11279296875 0.03564453125 0.02734375 0.03759765625
1 0.84716796875 0.66748046875 0.07177734375 0.10888671875
5 0.79443359375 0.80712890625 0.20458984375 0.3857421875
0 0.78955078125 0.8515625 0.28466796875 0.296875
5 0.09521484375 0.1083984375 0.0810546875 0.18310546875