1 0.82275390625 0.12548828125 0.02685546875 0.037109375
5 0.58935546875 0.150390625 0.08837890625 0.177734375
5 0.04296875 0.1875 0.08203125 0.22265625
5 0.79541015625 0.1982421875 0.091796875 0.1826171875
0 0.59033203125 0.21044921875 0.11279296875 0.1826171875
2 0.6318359375 0.25390625 0.0205078125 0.0244140625
0 0.79638671875 0.2548828125 0.13916015625 0.17236328125
0 0.05078125 0.259765625 0.09912109375 0.22119140625
2 0.84912109375 0.26708984375 0.0166015625 0.0146484375
2 0.0732421875 0.3046875 0.02734375 0.0234375
1 0.611328125 0.08154296875 0.0322265625 0.041015625
1 0.04638671875 0.1025390625 0.04052734375 0.05517578125