0 0.705078125 0.56982421875 0.22998046875 0.29345703125
5 0.69189453125 0.40283203125 0.1298828125 0.1767578125
1 0.7275390625 0.3505859375 0.05419921875 0.06640625
5 0.75341796875 0.4638671875 0.13525390625 0.30224609375
3 0.775390625 0.35107421875 0.044921875 0.0732421875
2 0.80126953125 0.61376953125 0.0302734375 0.02734375
0 0.669921875 0.26318359375 0.150390625 0.17724609375
5 0.67236328125 0.22021484375 0.09326171875 0.20068359375
1 0.689453125 0.14453125 0.03515625 0.0458984375
0 0.63720703125 0.1923828125 0.162109375 0.14453125
5 0.6259765625 0.1298828125 0.07275390625 0.11767578125
3 0.642578125 0.091796875 0.02587890625 0.03759765625
5 0.669921875 0.1171875 0.0712890625 0.09423828125
3 0.6796875 0.0947265625 0.029296875 0.04248046875