0 0.37255859375 0.28564453125 0.13232421875 0.21337890625
5 0.36767578125 0.22265625 0.095703125 0.22265625
2 0.41943359375 0.29638671875 0.02392578125 0.0234375
1 0.38720703125 0.134765625 0.0322265625 0.04541015625
0 0.228515625 0.1123046875 0.11328125 0.15771484375
5 0.21044921875 0.07763671875 0.07421875 0.15478515625
2 0.2548828125 0.119140625 0.0205078125 0.01806640625
0 0.095703125 0.2060546875 0.1259765625 0.19384765625
5 0.1142578125 0.1337890625 0.0810546875 0.2109375
5 0.0771484375 0.14404296875 0.068359375 0.21875
2 0.146484375 0.22119140625 0.02294921875 0.02001953125
3 0.11962890625 0.0498046875 0.02490234375 0.04296875
1 0.09716796875 0.0595703125 0.02685546875 0.04931640625