0 0.439453125 0.33056640625 0.142578125 0.2333984375
5 0.4345703125 0.26318359375 0.10546875 0.23486328125
1 0.45751953125 0.169921875 0.0361328125 0.04638671875
2 0.4921875 0.34228515625 0.0244140625 0.02294921875
0 0.2744140625 0.1396484375 0.1025390625 0.16552734375
5 0.26513671875 0.09033203125 0.0791015625 0.1806640625
3 0.28173828125 0.0185546875 0.0244140625 0.037109375
2 0.3134765625 0.146484375 0.01904296875 0.01806640625
0 0.1318359375 0.22802734375 0.13330078125 0.19189453125
5 0.1513671875 0.1484375 0.08349609375 0.21142578125
5 0.11279296875 0.16015625 0.0703125 0.22412109375
2 0.18505859375 0.2421875 0.02392578125 0.0224609375
3 0.1572265625 0.0673828125 0.02490234375 0.04931640625
1 0.1328125 0.0732421875 0.02880859375 0.05029296875