0 0.31201171875 0.25341796875 0.1201171875 0.19677734375
5 0.30517578125 0.19140625 0.08740234375 0.2255859375
1 0.3212890625 0.103515625 0.0361328125 0.0517578125
2 0.35498046875 0.2548828125 0.02490234375 0.01806640625
0 0.0615234375 0.17724609375 0.1220703125 0.21435546875
5 0.041015625 0.10595703125 0.0693359375 0.17041015625
1 0.060546875 0.04541015625 0.0302734375 0.04736328125
5 0.07958984375 0.1103515625 0.08544921875 0.181640625
3 0.0849609375 0.0419921875 0.02490234375 0.03173828125
2 0.10888671875 0.20458984375 0.02001953125 0.01513671875
0 0.18017578125 0.095703125 0.11083984375 0.14111328125
0 0.2041015625 0.0966796875 0.02294921875 0.01806640625