0 0.68310546875 0.4970703125 0.19921875 0.28125
5 0.67919921875 0.41796875 0.12939453125 0.28271484375
1 0.71142578125 0.31103515625 0.05078125 0.0673828125
2 0.75537109375 0.517578125 0.03173828125 0.0302734375
0 0.25927734375 0.28125 0.15087890625 0.24755859375
5 0.25244140625 0.20263671875 0.07275390625 0.2119140625
1 0.26513671875 0.12451171875 0.04150390625 0.0576171875
5 0.2841796875 0.20556640625 0.09619140625 0.21337890625
3 0.2958984375 0.12255859375 0.033203125 0.0458984375
2 0.32177734375 0.31689453125 0.02783203125 0.02392578125
0 0.486328125 0.24560546875 0.14990234375 0.201171875
5 0.478515625 0.1611328125 0.07421875 0.15966796875
3 0.4921875 0.10498046875 0.0341796875 0.044921875
2 0.5302734375 0.25341796875 0.0234375 0.0185546875