5 0.603515625 0.12255859375 0.05712890625 0.1611328125
5 0.181640625 0.16357421875 0.09033203125 0.21533203125
1 0.451171875 0.16748046875 0.03759765625 0.04443359375
0 0.61279296875 0.17724609375 0.08447265625 0.17236328125
0 0.19287109375 0.2119140625 0.1318359375 0.181640625
5 0.43212890625 0.21728515625 0.09814453125 0.14404296875
2 0.64208984375 0.2197265625 0.01708984375 0.01904296875
2 0.23876953125 0.2314453125 0.02392578125 0.02294921875
0 0.439453125 0.2724609375 0.1220703125 0.142578125
3 0.60791015625 0.0595703125 0.021484375 0.03369140625
1 0.193359375 0.07666015625 0.029296875 0.0419921875