0 0.66015625 0.55322265625 0.1982421875 0.33203125
5 0.650390625 0.4560546875 0.12646484375 0.3095703125
5 0.697265625 0.48388671875 0.1357421875 0.29150390625
1 0.69140625 0.33642578125 0.04248046875 0.06982421875
3 0.72314453125 0.369140625 0.04345703125 0.060546875
2 0.73095703125 0.6025390625 0.029296875 0.02978515625
0 0.7705078125 0.2705078125 0.09423828125 0.11474609375
5 0.798828125 0.23095703125 0.1005859375 0.15771484375
1 0.82080078125 0.17724609375 0.03759765625 0.05029296875
0 0.39501953125 0.29296875 0.115234375 0.22998046875
5 0.38671875 0.23583984375 0.09521484375 0.23583984375
3 0.3974609375 0.13916015625 0.02880859375 0.04345703125
2 0.427734375 0.31591796875 0.0263671875 0.0234375