0 0.650390625 0.6025390625 0.21435546875 0.33447265625
5 0.6796875 0.5146484375 0.1337890625 0.31396484375
5 0.62744140625 0.5087890625 0.1083984375 0.29833984375
3 0.68798828125 0.390625 0.0361328125 0.064453125
3 0.6708984375 0.390625 0.02001953125 0.0615234375
2 0.7265625 0.6455078125 0.03564453125 0.03955078125
0 0.39013671875 0.32958984375 0.12841796875 0.23486328125
5 0.41455078125 0.265625 0.08837890625 0.2373046875
5 0.37548828125 0.25048828125 0.09375 0.25341796875
3 0.42578125 0.17138671875 0.03759765625 0.04931640625
1 0.4013671875 0.15283203125 0.0380859375 0.05712890625
2 0.431640625 0.3515625 0.02587890625 0.02099609375
0 0.236328125 0.0634765625 0.0859375 0.12646484375
2 0.2646484375 0.08544921875 0.0146484375 0.01318359375