0 0.47998046875 0.15625 0.107421875 0.17236328125
3 0.5087890625 0.23681640625 0.03955078125 0.05908203125
3 0.5478515625 0.248046875 0.04150390625 0.06201171875
5 0.482421875 0.34130859375 0.09814453125 0.26806640625
5 0.5263671875 0.35107421875 0.107421875 0.26416015625
0 0.49951171875 0.42041015625 0.14453125 0.2490234375
2 0.544921875 0.44873046875 0.02783203125 0.02392578125
1 0.48974609375 0.04541015625 0.03271484375 0.0458984375
3 0.9365234375 0.56640625 0.0361328125 0.07568359375
3 0.9619140625 0.5673828125 0.04248046875 0.07861328125
5 0.88134765625 0.703125 0.13916015625 0.34912109375
5 0.923828125 0.71630859375 0.15234375 0.3740234375
0 0.8798828125 0.8076171875 0.240234375 0.38134765625
5 0.47607421875 0.11181640625 0.078125 0.1787109375