0 0.48974609375 0.43701171875 0.197265625 0.2744140625
5 0.48876953125 0.3251953125 0.11865234375 0.20849609375
3 0.52099609375 0.25634765625 0.04052734375 0.0625
5 0.53564453125 0.38232421875 0.09912109375 0.28125
3 0.56396484375 0.27392578125 0.03857421875 0.0634765625
2 0.5703125 0.462890625 0.03125 0.02490234375
0 0.5712890625 0.16552734375 0.10693359375 0.13720703125
5 0.572265625 0.09130859375 0.0595703125 0.115234375
3 0.58984375 0.0517578125 0.021484375 0.03564453125
5 0.59912109375 0.11865234375 0.07373046875 0.14892578125
3 0.6142578125 0.05859375 0.02099609375 0.03125
2 0.615234375 0.1767578125 0.0166015625 0.01513671875