0 0.47802734375 0.373046875 0.16943359375 0.2626953125
5 0.47314453125 0.28173828125 0.11376953125 0.24609375
1 0.5107421875 0.1943359375 0.046875 0.0703125
2 0.53369140625 0.3896484375 0.0341796875 0.02392578125
0 0.298828125 0.24853515625 0.12646484375 0.20654296875
5 0.29296875 0.1533203125 0.10009765625 0.1767578125
3 0.314453125 0.0859375 0.0341796875 0.048828125
2 0.341796875 0.251953125 0.0234375 0.021484375
0 0.58251953125 0.31005859375 0.11328125 0.173828125
5 0.568359375 0.1904296875 0.0859375 0.14697265625
2 0.5791015625 0.13623046875 0.04736328125 0.0419921875
2 0.60888671875 0.2978515625 0.0263671875 0.02294921875