3 0.50634765625 0.12353515625 0.02880859375 0.04541015625
5 0.37353515625 0.12841796875 0.08447265625 0.197265625
5 0.59130859375 0.16015625 0.07421875 0.17626953125
0 0.380859375 0.19384765625 0.1220703125 0.17822265625
0 0.58447265625 0.21142578125 0.10791015625 0.18505859375
5 0.48388671875 0.212890625 0.09375 0.22314453125
0 0.490234375 0.27685546875 0.1328125 0.19677734375
2 0.53515625 0.287109375 0.02294921875 0.02099609375
3 0.380859375 0.05322265625 0.03173828125 0.0478515625
1 0.60498046875 0.09033203125 0.0283203125 0.03759765625
4 0.84912109375 0.10400390625 0.0908203125 0.18359375