0 0.642578125 0.51611328125 0.2197265625 0.29052734375
5 0.6376953125 0.38818359375 0.1572265625 0.24951171875
1 0.66845703125 0.3115234375 0.06298828125 0.09130859375
2 0.72802734375 0.5576171875 0.03125 0.03173828125
0 0.4248046875 0.17919921875 0.123046875 0.16455078125
2 0.47509765625 0.19921875 0.01904296875 0.01611328125
1 0.4755859375 0.19921875 0.0205078125 0.01171875
5 0.42578125 0.09130859375 0.09228515625 0.12109375
1 0.4453125 0.05712890625 0.03076171875 0.04931640625
5 0.50634765625 0.06494140625 0.060546875 0.10546875
1 0.5048828125 0.03125 0.03369140625 0.03515625
0 0.51025390625 0.1630859375 0.07470703125 0.1015625