0 0.7646484375 0.6015625 0.23193359375 0.3115234375
5 0.7744140625 0.46533203125 0.1640625 0.2763671875
2 0.86083984375 0.6435546875 0.03173828125 0.03125
0 0.50439453125 0.21923828125 0.1416015625 0.177734375
5 0.50634765625 0.1435546875 0.08154296875 0.1533203125
1 0.52685546875 0.09228515625 0.03515625 0.048828125
2 0.55859375 0.24267578125 0.021484375 0.0205078125
5 0.58154296875 0.10888671875 0.06689453125 0.13525390625
0 0.58544921875 0.203125 0.0927734375 0.1357421875
1 0.5869140625 0.0634765625 0.03271484375 0.037109375
2 0.61669921875 0.1962890625 0.02001953125 0.02197265625
4 0.7333984375 0.056640625 0.08251953125 0.11083984375