2 0.4560546875 0.1171875 0.0166015625 0.0146484375
0 0.35888671875 0.1416015625 0.111328125 0.1513671875
2 0.400390625 0.1611328125 0.0166015625 0.01416015625
1 0.375 0.0244140625 0.02490234375 0.03857421875
1 0.55078125 0.26318359375 0.04345703125 0.0693359375
5 0.52197265625 0.36865234375 0.12646484375 0.2783203125
0 0.5322265625 0.45263671875 0.18994140625 0.265625
2 0.60791015625 0.48828125 0.02783203125 0.033203125
4 0.88330078125 0.09033203125 0.10107421875 0.1806640625
5 0.35546875 0.0908203125 0.07763671875 0.1708984375
0 0.43017578125 0.103515625 0.0791015625 0.1484375