0 0.6318359375 0.64013671875 0.22314453125 0.30712890625
5 0.6298828125 0.48095703125 0.16552734375 0.23779296875
2 0.71435546875 0.6787109375 0.0478515625 0.03369140625
3 0.67138671875 0.40478515625 0.05908203125 0.08544921875
0 0.31005859375 0.30712890625 0.1494140625 0.18994140625
5 0.31103515625 0.1982421875 0.1142578125 0.1982421875
1 0.32568359375 0.13232421875 0.03515625 0.06591796875
2 0.35205078125 0.337890625 0.03466796875 0.0419921875
0 0.611328125 0.234375 0.1474609375 0.1689453125
5 0.6123046875 0.11767578125 0.078125 0.14501953125
1 0.6259765625 0.0810546875 0.041015625 0.0771484375
2 0.65625 0.2275390625 0.02294921875 0.0205078125