0 0.05029296875 0.119140625 0.04345703125 0.1005859375
2 0.0537109375 0.140625 0.0224609375 0.02294921875
5 0.26123046875 0.166015625 0.09228515625 0.2060546875
2 0.0361328125 0.18408203125 0.02294921875 0.021484375
0 0.02880859375 0.197265625 0.0537109375 0.1259765625
0 0.26171875 0.216796875 0.1240234375 0.21044921875
2 0.29833984375 0.23876953125 0.0224609375 0.0234375
1 0.01318359375 0.03857421875 0.02392578125 0.048828125
3 0.6337890625 0.41455078125 0.05126953125 0.078125
4 0.54052734375 0.04638671875 0.07373046875 0.0927734375
5 0.5869140625 0.54345703125 0.17529296875 0.33544921875
4 0.84130859375 0.0615234375 0.0771484375 0.123046875
0 0.5859375 0.64404296875 0.234375 0.3515625
2 0.6708984375 0.68603515625 0.02978515625 0.03515625
1 0.27587890625 0.087890625 0.0341796875 0.04736328125
5 0.017578125 0.0927734375 0.03515625 0.16015625