4 0.9560546875 0.14306640625 0.087890625 0.17431640625
0 0.39697265625 0.15869140625 0.099609375 0.17919921875
5 0.087890625 0.2001953125 0.0947265625 0.2373046875
2 0.43017578125 0.20703125 0.01904296875 0.017578125
3 0.28271484375 0.22509765625 0.033203125 0.05859375
3 0.25341796875 0.2294921875 0.0302734375 0.056640625
0 0.10205078125 0.25830078125 0.1240234375 0.2109375
2 0.13720703125 0.27294921875 0.025390625 0.02490234375
5 0.2646484375 0.34033203125 0.1201171875 0.2861328125
5 0.22021484375 0.34130859375 0.0966796875 0.279296875
0 0.240234375 0.416015625 0.150390625 0.28369140625
3 0.41162109375 0.0439453125 0.02392578125 0.0380859375
2 0.296875 0.45849609375 0.03466796875 0.02685546875
3 0.099609375 0.1064453125 0.03076171875 0.05126953125
5 0.392578125 0.1103515625 0.07275390625 0.17041015625