0 0.54296875 0.46435546875 0.18359375 0.27587890625
5 0.5380859375 0.375 0.1220703125 0.2802734375
3 0.568359375 0.26220703125 0.0322265625 0.0556640625
0 0.556640625 0.166015625 0.10302734375 0.16455078125
2 0.59423828125 0.1767578125 0.01953125 0.015625
5 0.57666015625 0.11181640625 0.07373046875 0.169921875
5 0.55078125 0.119140625 0.0673828125 0.1630859375
3 0.59521484375 0.0458984375 0.021484375 0.03857421875
0 0.0419921875 0.1982421875 0.08251953125 0.11474609375
5 0.03515625 0.130859375 0.05517578125 0.19775390625
3 0.0263671875 0.05224609375 0.02685546875 0.04052734375