5 0.2841796875 0.11572265625 0.0869140625 0.1787109375
0 0.28515625 0.1767578125 0.11669921875 0.19140625
2 0.32470703125 0.22412109375 0.02001953125 0.01708984375
3 0.81103515625 0.26220703125 0.03515625 0.0556640625
5 0.77783203125 0.37060546875 0.126953125 0.27099609375
0 0.78271484375 0.42333984375 0.212890625 0.1904296875
1 0.87646484375 0.4296875 0.0517578125 0.068359375
3 0.91845703125 0.43310546875 0.03271484375 0.04736328125
1 0.302734375 0.05078125 0.03173828125 0.048828125
5 0.82373046875 0.546875 0.15673828125 0.3017578125
5 0.86279296875 0.5634765625 0.19580078125 0.30810546875
0 0.82666015625 0.63525390625 0.21435546875 0.333984375