0 0.8759765625 0.7255859375 0.24755859375 0.37158203125
5 0.8798828125 0.6142578125 0.16015625 0.3408203125
1 0.919921875 0.4814453125 0.05712890625 0.0751953125
0 0.78564453125 0.51220703125 0.2392578125 0.25244140625
5 0.79931640625 0.46435546875 0.12890625 0.30908203125
1 0.81640625 0.3427734375 0.05322265625 0.06494140625
0 0.185546875 0.62158203125 0.1513671875 0.3310546875
5 0.18994140625 0.486328125 0.15576171875 0.35595703125
3 0.201171875 0.34912109375 0.04296875 0.0810546875
2 0.2216796875 0.60498046875 0.03369140625 0.03125
0 0.263671875 0.24609375 0.12109375 0.2138671875
5 0.2578125 0.177734375 0.0908203125 0.21923828125
1 0.27880859375 0.09033203125 0.0341796875 0.0439453125
2 0.30029296875 0.25439453125 0.0224609375 0.01806640625