0 0.43896484375 0.8388671875 0.27783203125 0.322265625
5 0.4677734375 0.7685546875 0.17626953125 0.462890625
2 0.54052734375 0.912109375 0.033203125 0.0390625
3 0.4697265625 0.587890625 0.05029296875 0.0986328125
0 0.4873046875 0.390625 0.171875 0.25732421875
5 0.484375 0.3154296875 0.11865234375 0.24609375
1 0.51220703125 0.21826171875 0.03759765625 0.05078125
2 0.5478515625 0.4560546875 0.0263671875 0.02685546875
0 0.59228515625 0.31982421875 0.1240234375 0.22900390625
2 0.6376953125 0.33837890625 0.02490234375 0.0244140625
5 0.5810546875 0.24560546875 0.09912109375 0.21435546875
1 0.5986328125 0.162109375 0.03759765625 0.0458984375
4 0.71533203125 0.04931640625 0.08251953125 0.0986328125
0 0.1416015625 0.2890625 0.15380859375 0.21923828125
5 0.12353515625 0.205078125 0.10205078125 0.22412109375
2 0.19189453125 0.34765625 0.025390625 0.0244140625
1 0.13427734375 0.1181640625 0.03662109375 0.04931640625
0 0.36376953125 0.228515625 0.12841796875 0.2060546875
5 0.39111328125 0.17333984375 0.0791015625 0.185546875
5 0.35498046875 0.1611328125 0.0859375 0.20263671875
1 0.37744140625 0.0810546875 0.02880859375 0.04150390625
3 0.41162109375 0.09765625 0.0244140625 0.03515625
0 0.46630859375 0.08447265625 0.0810546875 0.14208984375
2 0.49365234375 0.1083984375 0.0166015625 0.013671875