0 0.51953125 0.87158203125 0.3125 0.2568359375
3 0.56103515625 0.64013671875 0.0576171875 0.09375
5 0.537109375 0.79345703125 0.14453125 0.4130859375
2 0.64892578125 0.9765625 0.03857421875 0.0400390625
0 0.775390625 0.57763671875 0.26513671875 0.3251953125
5 0.77880859375 0.4873046875 0.14599609375 0.24853515625
1 0.8203125 0.40380859375 0.056640625 0.0830078125
2 0.86083984375 0.712890625 0.02880859375 0.03125
0 0.35791015625 0.333984375 0.15625 0.1630859375
5 0.35595703125 0.208984375 0.11181640625 0.16845703125
2 0.4091796875 0.37109375 0.02587890625 0.0244140625
1 0.37890625 0.15380859375 0.03515625 0.0498046875
0 0.48193359375 0.2724609375 0.13232421875 0.1943359375
2 0.52783203125 0.27490234375 0.02734375 0.02197265625
5 0.47509765625 0.16162109375 0.103515625 0.14794921875
1 0.4951171875 0.11279296875 0.0380859375 0.05029296875
0 0.29052734375 0.1669921875 0.10986328125 0.1259765625
5 0.2861328125 0.08447265625 0.07763671875 0.1142578125
1 0.3046875 0.04931640625 0.0341796875 0.0419921875
5 0.3193359375 0.1181640625 0.07666015625 0.16259765625
3 0.3359375 0.0625 0.03076171875 0.05029296875
0 0.05126953125 0.2529296875 0.1025390625 0.1474609375
5 0.03076171875 0.125 0.0615234375 0.150390625
3 0.03125 0.0732421875 0.0322265625 0.0458984375
2 0.08056640625 0.28955078125 0.0234375 0.02099609375
4 0.853515625 0.08984375 0.1298828125 0.16748046875