1 0.52099609375 0.14453125 0.03955078125 0.04931640625
0 0.595703125 0.150390625 0.0908203125 0.15234375
3 0.56689453125 0.15869140625 0.03662109375 0.05419921875
2 0.626953125 0.17529296875 0.0166015625 0.01611328125
1 0.32958984375 0.197265625 0.03857421875 0.0517578125
5 0.13916015625 0.19873046875 0.09716796875 0.23583984375
5 0.49462890625 0.23681640625 0.1015625 0.23388671875
5 0.53857421875 0.24072265625 0.09423828125 0.21826171875
0 0.1484375 0.25537109375 0.17431640625 0.2197265625
1 0.814453125 0.2587890625 0.03466796875 0.05224609375
2 0.216796875 0.26904296875 0.0205078125 0.02783203125
5 0.31298828125 0.2939453125 0.1142578125 0.2431640625
0 0.49609375 0.3076171875 0.16552734375 0.2275390625
2 0.56494140625 0.32275390625 0.02294921875 0.0205078125
5 0.78125 0.32958984375 0.123046875 0.193359375
1 0.783203125 0.34521484375 0.04345703125 0.06201171875
0 0.3310546875 0.37841796875 0.18310546875 0.24560546875
0 0.7763671875 0.4345703125 0.19580078125 0.2578125
1 0.6044921875 0.044921875 0.0283203125 0.0341796875
5 0.74951171875 0.45751953125 0.1376953125 0.28564453125
2 0.396484375 0.46240234375 0.02783203125 0.03076171875
2 0.861328125 0.46240234375 0.02294921875 0.0263671875
3 0.353515625 0.505859375 0.0556640625 0.0966796875
0 0.7431640625 0.54345703125 0.220703125 0.30322265625
2 0.82666015625 0.62353515625 0.025390625 0.03466796875
5 0.357421875 0.67578125 0.1591796875 0.43408203125
0 0.3388671875 0.794921875 0.21533203125 0.3984375
2 0.40966796875 0.80615234375 0.0361328125 0.03857421875
0 0.0390625 0.08984375 0.0771484375 0.1455078125
2 0.05908203125 0.09814453125 0.0185546875 0.01708984375
5 0.59765625 0.10009765625 0.06640625 0.142578125
1 0.14453125 0.10693359375 0.04345703125 0.05224609375