0 0.57275390625 0.8916015625 0.33642578125 0.21630859375
5 0.59521484375 0.80517578125 0.15625 0.38671875
3 0.6123046875 0.669921875 0.0673828125 0.10888671875
2 0.70556640625 0.98974609375 0.04150390625 0.01904296875
0 0.6552734375 0.5283203125 0.248046875 0.34521484375
5 0.6865234375 0.421875 0.109375 0.23291015625
1 0.6982421875 0.34912109375 0.05419921875 0.08447265625
2 0.73974609375 0.63916015625 0.0224609375 0.0361328125
5 0.296875 0.189453125 0.11474609375 0.1689453125
0 0.30712890625 0.30419921875 0.15869140625 0.1748046875
2 0.3515625 0.33544921875 0.033203125 0.0244140625
1 0.32080078125 0.12451171875 0.03369140625 0.046875
0 0.4384765625 0.24853515625 0.1298828125 0.1865234375
2 0.4833984375 0.248046875 0.02587890625 0.0263671875
5 0.4375 0.13525390625 0.09619140625 0.15185546875
1 0.451171875 0.09033203125 0.041015625 0.05029296875
4 0.93212890625 0.10791015625 0.11181640625 0.166015625