1 0.46728515625 0.1220703125 0.03466796875 0.0498046875
0 0.54541015625 0.12548828125 0.09033203125 0.146484375
3 0.5146484375 0.142578125 0.02685546875 0.0380859375
2 0.5771484375 0.15087890625 0.01611328125 0.01611328125
5 0.0517578125 0.1708984375 0.10009765625 0.228515625
1 0.26025390625 0.171875 0.0380859375 0.04833984375
5 0.44287109375 0.2080078125 0.1005859375 0.22216796875
5 0.48583984375 0.22021484375 0.0947265625 0.19384765625
1 0.73095703125 0.22607421875 0.0439453125 0.0537109375
0 0.0732421875 0.236328125 0.14453125 0.1875
2 0.1279296875 0.23681640625 0.02001953125 0.02392578125
5 0.24462890625 0.267578125 0.107421875 0.2421875
0 0.44482421875 0.27197265625 0.14892578125 0.22509765625
1 0.6826171875 0.29833984375 0.04150390625 0.06201171875
5 0.70166015625 0.3115234375 0.12060546875 0.22216796875
0 0.26171875 0.34228515625 0.169921875 0.2412109375
0 0.70361328125 0.39208984375 0.17724609375 0.251953125
5 0.64404296875 0.40771484375 0.142578125 0.27685546875
2 0.77783203125 0.416015625 0.02392578125 0.0263671875
2 0.3232421875 0.41943359375 0.02685546875 0.02978515625
0 0.64501953125 0.4921875 0.19921875 0.28857421875
3 0.38818359375 0.53173828125 0.0576171875 0.09716796875
2 0.72216796875 0.560546875 0.0263671875 0.033203125
5 0.39501953125 0.705078125 0.16650390625 0.4404296875
5 0.54541015625 0.07666015625 0.06689453125 0.12646484375
1 0.06103515625 0.08154296875 0.0390625 0.04931640625
0 0.37451171875 0.8056640625 0.23828125 0.384765625
2 0.451171875 0.84228515625 0.0322265625 0.0361328125