0 0.21630859375 0.1201171875 0.099609375 0.1474609375
2 0.24951171875 0.12158203125 0.02294921875 0.01611328125
0 0.03759765625 0.13232421875 0.07373046875 0.1455078125
2 0.0595703125 0.15625 0.0224609375 0.017578125
5 0.1044921875 0.18359375 0.10302734375 0.21435546875
0 0.11376953125 0.25 0.1298828125 0.2236328125
2 0.1552734375 0.30322265625 0.02294921875 0.01953125
5 0.03173828125 0.05859375 0.0634765625 0.1171875
4 0.8369140625 0.0673828125 0.0771484375 0.134765625
5 0.20947265625 0.07861328125 0.07763671875 0.15673828125
1 0.12841796875 0.0986328125 0.03125 0.0439453125
4 0.96826171875 0.10546875 0.06298828125 0.15234375