0 0.37744140625 0.4013671875 0.19091796875 0.2705078125
2 0.435546875 0.4599609375 0.0283203125 0.037109375
5 0.396484375 0.2626953125 0.12451171875 0.203125
1 0.40234375 0.20849609375 0.05078125 0.06591796875
0 0.72998046875 0.9140625 0.3681640625 0.171875
5 0.751953125 0.830078125 0.1875 0.33642578125
3 0.7763671875 0.7216796875 0.06640625 0.12548828125
0 0.1669921875 0.21142578125 0.12255859375 0.1904296875
5 0.166015625 0.1123046875 0.08837890625 0.15625
1 0.1767578125 0.0634765625 0.048828125 0.05859375
2 0.201171875 0.24365234375 0.02392578125 0.0205078125
0 0.31884765625 0.16943359375 0.1064453125 0.140625
5 0.32275390625 0.06982421875 0.0849609375 0.12060546875
2 0.36328125 0.17724609375 0.02783203125 0.017578125
1 0.3291015625 0.04150390625 0.03662109375 0.04736328125