0 0.84716796875 0.61962890625 0.2490234375 0.33251953125
5 0.8388671875 0.521484375 0.14404296875 0.294921875
2 0.94384765625 0.70068359375 0.0244140625 0.03515625
1 0.8779296875 0.4111328125 0.04638671875 0.07421875
0 0.88671875 0.29833984375 0.15966796875 0.1396484375
5 0.88525390625 0.26708984375 0.09130859375 0.2080078125
3 0.908203125 0.1845703125 0.02587890625 0.0419921875
4 0.85595703125 0.08740234375 0.1025390625 0.1748046875
0 0.4345703125 0.1044921875 0.08740234375 0.13232421875
2 0.458984375 0.1376953125 0.01806640625 0.01708984375
5 0.431640625 0.06640625 0.06494140625 0.1328125
0 0.0400390625 0.2744140625 0.0791015625 0.21044921875