0 0.1181640625 0.42919921875 0.10791015625 0.22900390625
5 0.1259765625 0.29248046875 0.10009765625 0.23095703125
3 0.11962890625 0.2099609375 0.03466796875 0.06884765625
2 0.146484375 0.38671875 0.0458984375 0.02099609375
0 0.46044921875 0.40478515625 0.1865234375 0.271484375
5 0.4560546875 0.30859375 0.11767578125 0.21435546875
2 0.52783203125 0.46826171875 0.0234375 0.0263671875
1 0.48046875 0.232421875 0.04345703125 0.06591796875
0 0.5478515625 0.1611328125 0.13427734375 0.10791015625
5 0.5556640625 0.10498046875 0.0810546875 0.11328125
3 0.55908203125 0.06884765625 0.03125 0.04052734375