1 0.60302734375 0.2060546875 0.03271484375 0.04833984375
3 0.6240234375 0.2216796875 0.03564453125 0.05419921875
5 0.578125 0.2958984375 0.08203125 0.2294921875
1 0.818359375 0.306640625 0.05029296875 0.07177734375
5 0.60009765625 0.31005859375 0.0947265625 0.23046875
0 0.58984375 0.38623046875 0.09814453125 0.24267578125
2 0.6123046875 0.4150390625 0.0322265625 0.0302734375
5 0.787109375 0.423828125 0.13525390625 0.30810546875
0 0.79248046875 0.5263671875 0.20751953125 0.2919921875
2 0.8759765625 0.60693359375 0.02685546875 0.03173828125
4 0.767578125 0.06103515625 0.0810546875 0.1220703125
5 0.92431640625 0.7158203125 0.1513671875 0.349609375
0 0.89892578125 0.80224609375 0.2021484375 0.3583984375