1 0.908203125 0.17529296875 0.029296875 0.0419921875
5 0.8818359375 0.23974609375 0.09619140625 0.17041015625
1 0.63427734375 0.24169921875 0.0400390625 0.060546875
3 0.6728515625 0.25634765625 0.0302734375 0.05615234375
1 0.859375 0.31982421875 0.0478515625 0.0703125
0 0.884765625 0.3203125 0.14501953125 0.205078125
5 0.6025390625 0.33837890625 0.10888671875 0.25390625
5 0.63037109375 0.353515625 0.12548828125 0.24755859375
0 0.6103515625 0.41748046875 0.13916015625 0.26806640625
5 0.822265625 0.44384765625 0.1416015625 0.31884765625
2 0.65771484375 0.45751953125 0.0302734375 0.03125
0 0.82373046875 0.5478515625 0.21826171875 0.3056640625
2 0.91064453125 0.63037109375 0.02587890625 0.03173828125