1 0.47216796875 0.1337890625 0.03759765625 0.04638671875
3 0.51416015625 0.14306640625 0.02392578125 0.04052734375
3 0.14892578125 0.16015625 0.02978515625 0.04541015625
3 0.17529296875 0.166015625 0.0302734375 0.04736328125
5 0.47216796875 0.19482421875 0.04248046875 0.16796875
5 0.5068359375 0.2001953125 0.06201171875 0.154296875
1 0.658203125 0.22509765625 0.04541015625 0.0673828125
5 0.1220703125 0.2578125 0.08837890625 0.240234375
5 0.14599609375 0.26318359375 0.1123046875 0.2421875
2 0.525390625 0.31787109375 0.02490234375 0.0263671875
0 0.13720703125 0.33154296875 0.13427734375 0.24560546875
0 0.505859375 0.33203125 0.07861328125 0.1435546875
5 0.642578125 0.3330078125 0.1201171875 0.28271484375
2 0.17431640625 0.3955078125 0.0263671875 0.02490234375
0 0.64990234375 0.41455078125 0.19775390625 0.2392578125
1 0.6748046875 0.4609375 0.0615234375 0.09228515625
2 0.72412109375 0.49267578125 0.02587890625 0.02734375
5 0.64404296875 0.6015625 0.16357421875 0.37255859375
0 0.642578125 0.71875 0.30126953125 0.38134765625
2 0.76513671875 0.75634765625 0.03076171875 0.0322265625