0 0.03955078125 0.15966796875 0.0791015625 0.16064453125
5 0.01904296875 0.0712890625 0.037109375 0.1396484375
1 0.021484375 0.02294921875 0.02978515625 0.0458984375
5 0.05419921875 0.06982421875 0.0517578125 0.1279296875
3 0.05419921875 0.0244140625 0.0263671875 0.04296875
2 0.06494140625 0.15869140625 0.0234375 0.025390625
0 0.51611328125 0.34326171875 0.1103515625 0.189453125
5 0.4990234375 0.20068359375 0.083984375 0.1728515625
1 0.48681640625 0.1435546875 0.05126953125 0.06494140625
2 0.548828125 0.3720703125 0.02685546875 0.0302734375
4 0.8349609375 0.11572265625 0.12353515625 0.1728515625
0 0.60498046875 0.1630859375 0.0888671875 0.13818359375
2 0.63134765625 0.15673828125 0.02001953125 0.01904296875
5 0.595703125 0.07373046875 0.07275390625 0.10986328125
1 0.60107421875 0.0400390625 0.03173828125 0.04345703125