0 0.85888671875 0.5966796875 0.1728515625 0.33984375
5 0.83544921875 0.50048828125 0.12109375 0.28271484375
1 0.853515625 0.3935546875 0.04736328125 0.068359375
2 0.916015625 0.67919921875 0.0224609375 0.0322265625
0 0.845703125 0.3515625 0.14892578125 0.1826171875
5 0.8828125 0.28955078125 0.095703125 0.16357421875
5 0.8388671875 0.3046875 0.10107421875 0.205078125
2 0.89208984375 0.416015625 0.0244140625 0.021484375
3 0.90869140625 0.23388671875 0.03466796875 0.05224609375
1 0.8671875 0.22509765625 0.0361328125 0.0458984375
0 0.322265625 0.39794921875 0.13818359375 0.27978515625
5 0.3544921875 0.32763671875 0.103515625 0.255859375
5 0.3076171875 0.32763671875 0.10546875 0.296875
3 0.37548828125 0.2265625 0.0302734375 0.052734375
1 0.337890625 0.2119140625 0.0439453125 0.06396484375
0 0.02978515625 0.3212890625 0.0595703125 0.15869140625
5 0.025390625 0.16845703125 0.05078125 0.177734375
3 0.01220703125 0.1005859375 0.02392578125 0.04248046875
2 0.02880859375 0.3349609375 0.02685546875 0.02099609375
4 0.83544921875 0.10400390625 0.14501953125 0.2080078125