5 0.22314453125 0.1259765625 0.083984375 0.13037109375
1 0.24267578125 0.15576171875 0.04052734375 0.05859375
3 0.2841796875 0.1748046875 0.03173828125 0.04736328125
1 0.7919921875 0.1796875 0.03564453125 0.04541015625
3 0.826171875 0.185546875 0.02880859375 0.05224609375
0 0.2158203125 0.1904296875 0.12841796875 0.15673828125
5 0.7685546875 0.24169921875 0.0830078125 0.16943359375
5 0.80029296875 0.24755859375 0.09033203125 0.1748046875
5 0.2138671875 0.25927734375 0.09765625 0.2626953125
5 0.26171875 0.2685546875 0.0986328125 0.234375
0 0.232421875 0.3271484375 0.140625 0.24658203125
0 0.77197265625 0.33447265625 0.126953125 0.20458984375
1 0.74658203125 0.34814453125 0.0458984375 0.0673828125
2 0.81640625 0.3583984375 0.02392578125 0.02099609375
5 0.72119140625 0.48974609375 0.12451171875 0.3505859375
4 0.671875 0.05126953125 0.07861328125 0.09814453125
0 0.7353515625 0.5419921875 0.189453125 0.31640625
2 0.8115234375 0.62548828125 0.02294921875 0.03125
4 0.81201171875 0.07568359375 0.10400390625 0.14501953125
1 0.23388671875 0.08203125 0.03515625 0.04248046875
4 0.95361328125 0.099609375 0.091796875 0.1748046875