1 0.72021484375 0.134765625 0.03125 0.04345703125
3 0.74853515625 0.14892578125 0.02685546875 0.044921875
5 0.056640625 0.16650390625 0.0849609375 0.2255859375
5 0.10205078125 0.171875 0.0849609375 0.20703125
5 0.69873046875 0.22119140625 0.07470703125 0.21435546875
5 0.71923828125 0.22265625 0.09033203125 0.1943359375
0 0.07568359375 0.22265625 0.13525390625 0.2197265625
2 0.11865234375 0.24267578125 0.0234375 0.0224609375
1 0.52099609375 0.25634765625 0.04052734375 0.06396484375
0 0.70947265625 0.2734375 0.10302734375 0.20263671875
2 0.7373046875 0.30322265625 0.0244140625 0.0205078125
5 0.51318359375 0.3447265625 0.09130859375 0.23876953125
0 0.53369140625 0.439453125 0.1357421875 0.271484375
2 0.578125 0.50732421875 0.021484375 0.02587890625
3 0.81494140625 0.677734375 0.0693359375 0.095703125
1 0.07861328125 0.07763671875 0.0341796875 0.048828125
5 0.76220703125 0.81494140625 0.20458984375 0.3701171875
3 0.11474609375 0.0869140625 0.02734375 0.03759765625
0 0.7451171875 0.87158203125 0.39990234375 0.25634765625
4 0.81689453125 0.10546875 0.1015625 0.19140625