3 0.25830078125 0.27587890625 0.03515625 0.052734375
1 0.4375 0.3544921875 0.05517578125 0.07763671875
5 0.244140625 0.400390625 0.119140625 0.2998046875
5 0.4091796875 0.4951171875 0.146484375 0.35888671875
2 0.267578125 0.5263671875 0.03515625 0.0283203125
3 0.7314453125 0.52685546875 0.0458984375 0.0771484375
0 0.263671875 0.5322265625 0.087890625 0.21630859375
0 0.42138671875 0.60107421875 0.193359375 0.32568359375
2 0.4892578125 0.63671875 0.0390625 0.03662109375
5 0.69921875 0.6845703125 0.17236328125 0.39208984375
0 0.69970703125 0.78857421875 0.326171875 0.392578125
2 0.83642578125 0.830078125 0.03662109375 0.05126953125
4 0.82666015625 0.0947265625 0.1083984375 0.189453125