0 0.2255859375 0.4501953125 0.1220703125 0.27783203125
2 0.24951171875 0.48046875 0.03271484375 0.0390625
5 0.2314453125 0.33056640625 0.09716796875 0.23095703125
1 0.23779296875 0.2470703125 0.04541015625 0.05322265625
0 0.384765625 0.57421875 0.16552734375 0.2939453125
5 0.37158203125 0.4677734375 0.138671875 0.34716796875
1 0.38671875 0.33447265625 0.05615234375 0.0810546875
2 0.447265625 0.61181640625 0.03125 0.0302734375
0 0.5703125 0.72216796875 0.33837890625 0.3525390625
5 0.57763671875 0.61083984375 0.1708984375 0.373046875
3 0.60498046875 0.4638671875 0.0595703125 0.07958984375
2 0.71533203125 0.7607421875 0.02978515625 0.033203125