0 0.40869140625 0.6708984375 0.2861328125 0.34619140625
5 0.4287109375 0.5361328125 0.171875 0.34814453125
1 0.43994140625 0.4150390625 0.0771484375 0.10546875
0 0.310546875 0.427734375 0.162109375 0.19921875
5 0.32080078125 0.3544921875 0.1259765625 0.21142578125
1 0.34375 0.287109375 0.05908203125 0.08203125
0 0.92724609375 0.3779296875 0.14404296875 0.22607421875
5 0.90673828125 0.3212890625 0.07177734375 0.234375
3 0.91455078125 0.23193359375 0.03466796875 0.05859375
5 0.962890625 0.3349609375 0.07421875 0.236328125
3 0.98291015625 0.244140625 0.0341796875 0.05126953125