0 0.83642578125 0.826171875 0.32666015625 0.34521484375
5 0.859375 0.783203125 0.19482421875 0.43359375
3 0.90478515625 0.61181640625 0.06494140625 0.08984375
0 0.84912109375 0.36865234375 0.18017578125 0.2353515625
5 0.88623046875 0.30908203125 0.12060546875 0.23046875
5 0.8359375 0.3232421875 0.0830078125 0.2880859375
3 0.85400390625 0.2041015625 0.02880859375 0.0498046875
3 0.92041015625 0.21923828125 0.02685546875 0.05078125
0 0.22265625 0.52490234375 0.20556640625 0.33349609375
5 0.2138671875 0.4345703125 0.14501953125 0.3349609375
1 0.23974609375 0.30126953125 0.046875 0.06884765625
2 0.2978515625 0.55517578125 0.03369140625 0.03125
0 0.07421875 0.2900390625 0.11279296875 0.2158203125
5 0.07080078125 0.23486328125 0.10498046875 0.22412109375
5 0.06494140625 0.21142578125 0.09423828125 0.22412109375
3 0.0771484375 0.11865234375 0.02880859375 0.03857421875
3 0.0908203125 0.150390625 0.029296875 0.05517578125
0 0.17431640625 0.359375 0.0966796875 0.197265625
5 0.20068359375 0.3056640625 0.11865234375 0.23046875
1 0.2255859375 0.21923828125 0.04248046875 0.05712890625