0 0.86279296875 0.8408203125 0.2744140625 0.318359375
5 0.9111328125 0.7998046875 0.177734375 0.400390625
3 0.9677734375 0.642578125 0.0634765625 0.08544921875
0 0.87060546875 0.373046875 0.17626953125 0.23388671875
5 0.90185546875 0.314453125 0.12841796875 0.234375
5 0.85791015625 0.33154296875 0.078125 0.29833984375
3 0.9404296875 0.2236328125 0.029296875 0.0517578125
3 0.873046875 0.20703125 0.02734375 0.04931640625
0 0.2509765625 0.5517578125 0.21875 0.33056640625
5 0.244140625 0.45361328125 0.15283203125 0.34130859375
1 0.27099609375 0.3193359375 0.048828125 0.0712890625
2 0.33154296875 0.578125 0.03271484375 0.03173828125
0 0.19921875 0.3759765625 0.1123046875 0.19775390625
5 0.22509765625 0.30859375 0.1103515625 0.21435546875
1 0.24755859375 0.2314453125 0.044921875 0.05859375
0 0.0869140625 0.30517578125 0.1142578125 0.20849609375
2 0.11669921875 0.37548828125 0.02392578125 0.02392578125
5 0.083984375 0.2470703125 0.103515625 0.22314453125
5 0.0751953125 0.2265625 0.08984375 0.2431640625
3 0.1005859375 0.15966796875 0.0283203125 0.04833984375
3 0.08642578125 0.12548828125 0.025390625 0.04052734375