1 0.08056640625 0.1650390625 0.04296875 0.06396484375
5 0.5498046875 0.16552734375 0.078125 0.15673828125
5 0.50390625 0.16552734375 0.07275390625 0.1767578125
0 0.5263671875 0.24267578125 0.12841796875 0.1962890625
5 0.0703125 0.27099609375 0.09521484375 0.27294921875
2 0.56982421875 0.29296875 0.017578125 0.0185546875
3 0.31396484375 0.294921875 0.041015625 0.07275390625
0 0.07568359375 0.35693359375 0.11328125 0.25390625
2 0.09423828125 0.3701171875 0.03076171875 0.025390625
1 0.5771484375 0.38330078125 0.05078125 0.076171875
5 0.28564453125 0.3955078125 0.13427734375 0.27392578125
4 0.59619140625 0.0400390625 0.06787109375 0.07958984375
0 0.28857421875 0.494140625 0.17626953125 0.31396484375
5 0.54833984375 0.51318359375 0.14990234375 0.333984375
4 0.70068359375 0.0556640625 0.07568359375 0.1083984375
2 0.3427734375 0.5732421875 0.03271484375 0.03173828125
0 0.5595703125 0.61181640625 0.255859375 0.3369140625
2 0.66357421875 0.64208984375 0.02978515625 0.0322265625
5 0.9375 0.68896484375 0.12109375 0.40625
0 0.900390625 0.74072265625 0.19921875 0.357421875
4 0.87841796875 0.0966796875 0.0927734375 0.15966796875
3 0.51025390625 0.0986328125 0.029296875 0.044921875
3 0.5595703125 0.1083984375 0.03076171875 0.041015625