0 0.34033203125 0.5458984375 0.19775390625 0.328125
5 0.33642578125 0.4814453125 0.1494140625 0.37451171875
3 0.375 0.33642578125 0.056640625 0.0732421875
2 0.41259765625 0.63330078125 0.0302734375 0.03369140625
0 0.67919921875 0.693359375 0.2890625 0.36279296875
5 0.68896484375 0.58984375 0.1708984375 0.35986328125
1 0.71484375 0.451171875 0.06494140625 0.09375
2 0.7978515625 0.73193359375 0.033203125 0.03271484375
0 0.58154296875 0.259765625 0.13427734375 0.20849609375
5 0.5537109375 0.1767578125 0.06640625 0.1943359375
3 0.57080078125 0.11474609375 0.02734375 0.04248046875
5 0.59814453125 0.18310546875 0.0908203125 0.16259765625
3 0.6171875 0.125 0.03271484375 0.05126953125
2 0.623046875 0.31396484375 0.02294921875 0.01708984375
0 0.091796875 0.37841796875 0.13818359375 0.27587890625
5 0.0947265625 0.23876953125 0.10107421875 0.19677734375
1 0.09716796875 0.1865234375 0.04736328125 0.06201171875
2 0.11962890625 0.41064453125 0.0390625 0.0234375