0 0.11328125 0.40283203125 0.15234375 0.28515625
5 0.1064453125 0.28173828125 0.1220703125 0.2236328125
1 0.11328125 0.2080078125 0.04345703125 0.07666015625
2 0.13916015625 0.42724609375 0.04150390625 0.03369140625
0 0.3955078125 0.59130859375 0.21484375 0.3505859375
5 0.3984375 0.50390625 0.14697265625 0.365234375
3 0.43310546875 0.3662109375 0.05126953125 0.0869140625
2 0.46826171875 0.671875 0.025390625 0.0224609375
0 0.7802734375 0.74560546875 0.2890625 0.37109375
5 0.79345703125 0.6435546875 0.16162109375 0.35400390625
1 0.8212890625 0.5068359375 0.0673828125 0.08056640625