0 0.67822265625 0.73291015625 0.22314453125 0.38037109375
5 0.6611328125 0.64306640625 0.162109375 0.4013671875
2 0.763671875 0.84521484375 0.03759765625 0.0517578125
1 0.69775390625 0.486328125 0.06103515625 0.0869140625
0 0.662109375 0.55615234375 0.2138671875 0.27685546875
2 0.74267578125 0.669921875 0.029296875 0.041015625
5 0.64892578125 0.45068359375 0.1376953125 0.22265625
1 0.6689453125 0.36865234375 0.0498046875 0.05810546875
0 0.3681640625 0.49072265625 0.212890625 0.30322265625
5 0.35595703125 0.3984375 0.1259765625 0.3056640625
1 0.375 0.27685546875 0.04296875 0.06103515625
2 0.44970703125 0.517578125 0.03076171875 0.03125
0 0.16357421875 0.38232421875 0.1396484375 0.291015625
5 0.150390625 0.3359375 0.1357421875 0.3154296875
2 0.19970703125 0.45556640625 0.02978515625 0.0283203125
3 0.1796875 0.20263671875 0.0341796875 0.04833984375
0 0.44482421875 0.22119140625 0.123046875 0.1953125
2 0.4921875 0.2626953125 0.01416015625 0.01904296875
5 0.46044921875 0.150390625 0.091796875 0.1748046875
5 0.421875 0.12646484375 0.05615234375 0.134765625
3 0.47802734375 0.08447265625 0.0244140625 0.04345703125
3 0.41943359375 0.07861328125 0.02392578125 0.0390625