5 0.4140625 0.12548828125 0.06494140625 0.13720703125
5 0.45361328125 0.16357421875 0.09423828125 0.20361328125
3 0.171875 0.19677734375 0.0322265625 0.05224609375
0 0.4375 0.21484375 0.12744140625 0.19873046875
2 0.48583984375 0.26220703125 0.01611328125 0.01806640625
1 0.359375 0.27197265625 0.04345703125 0.05810546875
5 0.14697265625 0.30908203125 0.1171875 0.2744140625
1 0.64794921875 0.3583984375 0.05224609375 0.06005859375
0 0.15380859375 0.3740234375 0.130859375 0.27587890625
5 0.34375 0.3916015625 0.126953125 0.29931640625
5 0.630859375 0.43408203125 0.140625 0.21044921875
2 0.18701171875 0.44482421875 0.03076171875 0.025390625
1 0.65087890625 0.46435546875 0.0654296875 0.08984375
0 0.35205078125 0.4873046875 0.2080078125 0.29931640625
2 0.43505859375 0.50830078125 0.02880859375 0.03076171875
0 0.634765625 0.5478515625 0.22705078125 0.2841796875
5 0.6162109375 0.6259765625 0.158203125 0.41162109375
2 0.720703125 0.65478515625 0.03173828125 0.037109375
0 0.634765625 0.70703125 0.2158203125 0.37060546875
3 0.4091796875 0.07861328125 0.02587890625 0.04248046875
2 0.71826171875 0.8154296875 0.03759765625 0.05029296875
3 0.47265625 0.08447265625 0.0244140625 0.04443359375