0 0.822265625 0.8173828125 0.30078125 0.365234375
5 0.81982421875 0.76171875 0.2119140625 0.4599609375
1 0.87939453125 0.57861328125 0.0693359375 0.09423828125
2 0.94287109375 0.9638671875 0.03515625 0.05810546875
0 0.7138671875 0.61669921875 0.2509765625 0.33544921875
5 0.71826171875 0.56884765625 0.1494140625 0.40185546875
1 0.74365234375 0.40087890625 0.0546875 0.06640625
0 0.4091796875 0.52001953125 0.22314453125 0.31005859375
5 0.40185546875 0.42724609375 0.1298828125 0.31396484375
1 0.41943359375 0.30224609375 0.046875 0.06201171875
2 0.5009765625 0.54541015625 0.03125 0.03271484375
0 0.1953125 0.4189453125 0.15966796875 0.291015625
5 0.18310546875 0.36328125 0.13623046875 0.326171875
1 0.21044921875 0.2294921875 0.0380859375 0.05859375
2 0.24267578125 0.490234375 0.03271484375 0.0263671875
0 0.041015625 0.318359375 0.08056640625 0.158203125
2 0.04833984375 0.29541015625 0.0263671875 0.0224609375
5 0.03369140625 0.1708984375 0.0673828125 0.17333984375
1 0.01904296875 0.11083984375 0.0380859375 0.05419921875
0 0.4619140625 0.22216796875 0.1259765625 0.2001953125
5 0.47998046875 0.1455078125 0.08251953125 0.15380859375
5 0.439453125 0.126953125 0.0703125 0.12890625
3 0.48876953125 0.08984375 0.02490234375 0.04150390625
3 0.443359375 0.08203125 0.02685546875 0.03857421875
2 0.50830078125 0.26953125 0.017578125 0.0185546875
4 0.93017578125 0.125 0.1005859375 0.19482421875