0 0.8671875 0.83935546875 0.265625 0.3212890625
5 0.8955078125 0.787109375 0.20849609375 0.42529296875
1 0.95751953125 0.6201171875 0.0673828125 0.09033203125
0 0.7451171875 0.6337890625 0.2578125 0.3369140625
5 0.751953125 0.587890625 0.14892578125 0.40380859375
1 0.77490234375 0.41650390625 0.05126953125 0.06103515625
0 0.4267578125 0.5322265625 0.22802734375 0.31494140625
5 0.42041015625 0.4384765625 0.1318359375 0.30859375
1 0.43798828125 0.314453125 0.044921875 0.060546875
2 0.5205078125 0.5576171875 0.02978515625 0.0322265625
0 0.20849609375 0.43017578125 0.16259765625 0.29736328125
5 0.1943359375 0.3740234375 0.1396484375 0.33154296875
2 0.255859375 0.50146484375 0.03076171875 0.02734375
1 0.22509765625 0.23583984375 0.0341796875 0.0546875
0 0.04638671875 0.2998046875 0.091796875 0.22509765625
2 0.06005859375 0.30810546875 0.0263671875 0.021484375
4 0.96337890625 0.134765625 0.07275390625 0.1748046875
4 0.86572265625 0.1025390625 0.09619140625 0.19189453125
0 0.46923828125 0.22509765625 0.12109375 0.19873046875
5 0.48779296875 0.14404296875 0.078125 0.14892578125
5 0.44677734375 0.12841796875 0.0703125 0.1259765625
2 0.51416015625 0.27099609375 0.015625 0.01904296875
3 0.49462890625 0.091796875 0.025390625 0.04345703125
3 0.45068359375 0.08544921875 0.0234375 0.04052734375