0 0.56689453125 0.666015625 0.20361328125 0.361328125
5 0.54296875 0.55615234375 0.15234375 0.34375
1 0.576171875 0.4248046875 0.06298828125 0.08349609375
2 0.642578125 0.7705078125 0.03564453125 0.04833984375
0 0.6083984375 0.54638671875 0.20361328125 0.31201171875
5 0.59619140625 0.42041015625 0.13671875 0.212890625
1 0.6162109375 0.3447265625 0.0498046875 0.0615234375
2 0.68212890625 0.63720703125 0.03369140625 0.044921875
0 0.328125 0.4736328125 0.20068359375 0.28759765625
5 0.31982421875 0.37890625 0.1240234375 0.30322265625
1 0.33447265625 0.2587890625 0.0419921875 0.06103515625
2 0.40771484375 0.4921875 0.02685546875 0.02880859375
0 0.419921875 0.20947265625 0.13232421875 0.201171875
5 0.435546875 0.162109375 0.09814453125 0.20361328125
5 0.39404296875 0.1396484375 0.056640625 0.1728515625
3 0.45751953125 0.08154296875 0.025390625 0.04150390625
3 0.392578125 0.07470703125 0.0263671875 0.04248046875
0 0.13623046875 0.35986328125 0.1240234375 0.2666015625
5 0.13134765625 0.25 0.11083984375 0.18115234375
3 0.154296875 0.18212890625 0.03125 0.04443359375
2 0.16650390625 0.42529296875 0.0322265625 0.021484375