0 0.10986328125 0.33447265625 0.12939453125 0.25146484375
5 0.103515625 0.24072265625 0.11279296875 0.21337890625
1 0.1181640625 0.1630859375 0.0361328125 0.0556640625
0 0.4501953125 0.60888671875 0.2021484375 0.328125
5 0.4365234375 0.49658203125 0.1455078125 0.30419921875
1 0.4638671875 0.3837890625 0.0595703125 0.07861328125
0 0.58349609375 0.56640625 0.13916015625 0.22998046875
5 0.55126953125 0.40283203125 0.11376953125 0.22412109375
1 0.55615234375 0.322265625 0.04638671875 0.0595703125
2 0.61865234375 0.60107421875 0.03271484375 0.0341796875
0 0.37255859375 0.21337890625 0.142578125 0.1630859375
5 0.34814453125 0.14208984375 0.06640625 0.19189453125
3 0.34765625 0.0712890625 0.029296875 0.046875
5 0.39892578125 0.12646484375 0.0908203125 0.15771484375
3 0.40625 0.07421875 0.0302734375 0.04296875