0 0.18408203125 0.17431640625 0.1650390625 0.16943359375
5 0.03466796875 0.18603515625 0.06640625 0.193359375
2 0.25341796875 0.21337890625 0.01171875 0.01953125
1 0.41162109375 0.2373046875 0.05029296875 0.05810546875
1 0.2587890625 0.25830078125 0.0478515625 0.0673828125
0 0.0400390625 0.265625 0.080078125 0.22314453125
2 0.05517578125 0.3154296875 0.02783203125 0.02294921875
4 0.62841796875 0.03271484375 0.07275390625 0.0654296875
5 0.39013671875 0.333984375 0.12451171875 0.2529296875
5 0.24072265625 0.35888671875 0.12255859375 0.26708984375
3 0.61376953125 0.38818359375 0.03955078125 0.07080078125
3 0.19140625 0.04052734375 0.0234375 0.037109375
0 0.39794921875 0.40673828125 0.158203125 0.291015625
3 0.65673828125 0.4140625 0.0361328125 0.0625
4 0.7216796875 0.04248046875 0.07275390625 0.0849609375
3 0.24853515625 0.0458984375 0.0244140625 0.03857421875
0 0.2421875 0.4580078125 0.1396484375 0.29833984375
5 0.59375 0.4794921875 0.09375 0.25634765625
2 0.4501953125 0.48828125 0.03271484375 0.0380859375
5 0.62451171875 0.5419921875 0.15771484375 0.31689453125
2 0.28955078125 0.54248046875 0.037109375 0.0361328125
0 0.60595703125 0.61181640625 0.14892578125 0.35107421875
2 0.65673828125 0.736328125 0.033203125 0.04296875
5 0.18212890625 0.09765625 0.07470703125 0.15380859375
5 0.23291015625 0.10302734375 0.072265625 0.15478515625
3 0.03271484375 0.10986328125 0.029296875 0.04150390625