1 0.1708984375 0.13330078125 0.03369140625 0.0517578125
0 0.16845703125 0.16943359375 0.16162109375 0.18017578125
5 0.0283203125 0.18310546875 0.05517578125 0.19677734375
5 0.16796875 0.19775390625 0.08251953125 0.18017578125
1 0.39599609375 0.228515625 0.0517578125 0.0537109375
1 0.244140625 0.2490234375 0.04541015625 0.06591796875
0 0.03662109375 0.2919921875 0.072265625 0.14306640625
0 0.1650390625 0.29248046875 0.1083984375 0.169921875
2 0.04736328125 0.30859375 0.02490234375 0.0234375
3 0.17431640625 0.03271484375 0.02294921875 0.03857421875
5 0.375 0.3271484375 0.119140625 0.25
5 0.2265625 0.35302734375 0.11962890625 0.27294921875
3 0.59912109375 0.376953125 0.0263671875 0.0546875
3 0.2265625 0.0400390625 0.02197265625 0.03759765625
3 0.63330078125 0.39794921875 0.03369140625 0.04931640625
0 0.38525390625 0.4072265625 0.15771484375 0.27734375
4 0.67236328125 0.04150390625 0.0732421875 0.0830078125
0 0.2275390625 0.4521484375 0.140625 0.2724609375
4 0.7568359375 0.04736328125 0.07470703125 0.09423828125
5 0.572265625 0.4755859375 0.10693359375 0.259765625
2 0.43603515625 0.47705078125 0.03271484375 0.03515625
5 0.6298828125 0.4873046875 0.10498046875 0.22900390625
2 0.2734375 0.52783203125 0.037109375 0.03662109375
0 0.57373046875 0.59765625 0.1689453125 0.326171875
2 0.6328125 0.71728515625 0.03271484375 0.041015625
5 0.21728515625 0.08935546875 0.064453125 0.13671875
5 0.1611328125 0.09814453125 0.08447265625 0.1669921875
3 0.02294921875 0.10400390625 0.02734375 0.04052734375