1 0.185546875 0.19287109375 0.0419921875 0.0615234375
1 0.341796875 0.1982421875 0.044921875 0.05322265625
5 0.1728515625 0.30224609375 0.1025390625 0.28076171875
3 0.5205078125 0.32568359375 0.0439453125 0.0693359375
5 0.3271484375 0.328125 0.10693359375 0.3125
3 0.5595703125 0.34423828125 0.03271484375 0.04931640625
0 0.3369140625 0.3701171875 0.146484375 0.26025390625
0 0.1748046875 0.37646484375 0.11669921875 0.28173828125
2 0.38427734375 0.43701171875 0.03173828125 0.03125
5 0.49560546875 0.44873046875 0.1025390625 0.31787109375
2 0.20361328125 0.45703125 0.0361328125 0.03173828125
5 0.533203125 0.49365234375 0.14599609375 0.34619140625
0 0.5029296875 0.537109375 0.17041015625 0.31689453125
2 0.56640625 0.64892578125 0.03076171875 0.041015625
4 0.89990234375 0.087890625 0.095703125 0.17529296875