1 0.107421875 0.138671875 0.037109375 0.05224609375
1 0.2783203125 0.154296875 0.03515625 0.04736328125
5 0.11083984375 0.205078125 0.06787109375 0.1845703125
3 0.41796875 0.2646484375 0.0380859375 0.056640625
5 0.25146484375 0.26904296875 0.125 0.2783203125
3 0.45751953125 0.2802734375 0.0322265625 0.04541015625
0 0.271484375 0.3154296875 0.12548828125 0.23974609375
0 0.12158203125 0.35009765625 0.07275390625 0.16015625
5 0.3896484375 0.3515625 0.107421875 0.23095703125
2 0.13037109375 0.37353515625 0.03125 0.02978515625
2 0.30615234375 0.3779296875 0.029296875 0.03125
5 0.4208984375 0.42578125 0.1591796875 0.337890625
0 0.40234375 0.4619140625 0.1689453125 0.294921875
2 0.46728515625 0.560546875 0.02734375 0.03564453125