1 0.07470703125 0.12353515625 0.03515625 0.0537109375
1 0.24462890625 0.13916015625 0.0341796875 0.05224609375
5 0.08447265625 0.19775390625 0.05517578125 0.19873046875
3 0.37109375 0.23193359375 0.03369140625 0.0546875
5 0.23193359375 0.232421875 0.09326171875 0.2353515625
3 0.39990234375 0.25244140625 0.0322265625 0.05078125
0 0.23828125 0.2958984375 0.11962890625 0.2275390625
1 0.9013671875 0.3046875 0.04248046875 0.06103515625
3 0.951171875 0.3125 0.033203125 0.05908203125
0 0.09521484375 0.32177734375 0.05712890625 0.16015625
5 0.33642578125 0.333984375 0.10498046875 0.25634765625
2 0.09765625 0.34375 0.029296875 0.02734375
5 0.3759765625 0.34814453125 0.13427734375 0.24267578125
2 0.2734375 0.3505859375 0.0283203125 0.0283203125
5 0.9013671875 0.396484375 0.06396484375 0.24951171875
5 0.93212890625 0.40771484375 0.1044921875 0.25341796875
0 0.35400390625 0.42333984375 0.14404296875 0.2783203125
2 0.408203125 0.513671875 0.02734375 0.03515625
2 0.955078125 0.52392578125 0.0244140625 0.02783203125
0 0.92333984375 0.5283203125 0.09375 0.20654296875