0 0.67578125 0.7666015625 0.31884765625 0.37939453125
5 0.68994140625 0.6337890625 0.18505859375 0.35595703125
3 0.72509765625 0.50537109375 0.0673828125 0.10888671875
2 0.810546875 0.83447265625 0.04150390625 0.04833984375
0 0.12646484375 0.28955078125 0.11962890625 0.20556640625
5 0.11572265625 0.22216796875 0.07958984375 0.23681640625
3 0.1357421875 0.126953125 0.02490234375 0.0458984375
5 0.142578125 0.2177734375 0.11083984375 0.20947265625
3 0.16455078125 0.1328125 0.02978515625 0.03955078125
2 0.1728515625 0.3544921875 0.02197265625 0.02294921875
0 0.822265625 0.43603515625 0.240234375 0.19677734375
5 0.82666015625 0.39697265625 0.130859375 0.27978515625
3 0.86083984375 0.2880859375 0.04296875 0.06201171875
2 0.9296875 0.4931640625 0.0283203125 0.03125
0 0.23876953125 0.2724609375 0.08837890625 0.14990234375
5 0.21826171875 0.15185546875 0.080078125 0.154296875
2 0.265625 0.25341796875 0.0244140625 0.0205078125
0 0.75244140625 0.31689453125 0.15283203125 0.1455078125
5 0.75537109375 0.2392578125 0.0947265625 0.1591796875
1 0.7685546875 0.185546875 0.03857421875 0.0517578125