0 0.3671875 0.54541015625 0.21142578125 0.32177734375
5 0.36474609375 0.4326171875 0.15380859375 0.333984375
3 0.3916015625 0.3154296875 0.0693359375 0.10498046875
2 0.4501953125 0.5771484375 0.03759765625 0.0341796875
0 0.06640625 0.24609375 0.12744140625 0.20361328125
5 0.05908203125 0.16943359375 0.08447265625 0.20849609375
3 0.0751953125 0.091796875 0.03173828125 0.052734375
5 0.09765625 0.16650390625 0.08056640625 0.17431640625
3 0.1025390625 0.10107421875 0.0341796875 0.05517578125
0 0.7880859375 0.4208984375 0.23974609375 0.18017578125
5 0.80078125 0.3447265625 0.13623046875 0.22021484375
3 0.830078125 0.2744140625 0.048828125 0.07861328125
4 0.724609375 0.08642578125 0.09716796875 0.17236328125