4 0.9130859375 0.11669921875 0.173828125 0.21875
5 0.17041015625 0.123046875 0.064453125 0.1357421875
1 0.6904296875 0.14892578125 0.0341796875 0.0439453125
3 0.634765625 0.18896484375 0.02880859375 0.0498046875
5 0.03466796875 0.18994140625 0.0693359375 0.1181640625
5 0.68603515625 0.1953125 0.056640625 0.13671875
5 0.11376953125 0.20947265625 0.0966796875 0.2294921875
5 0.0751953125 0.21142578125 0.08251953125 0.25732421875
2 0.21630859375 0.22705078125 0.0234375 0.017578125
0 0.19189453125 0.2470703125 0.080078125 0.14111328125
5 0.638671875 0.255859375 0.07080078125 0.18359375
0 0.09619140625 0.26904296875 0.1103515625 0.20654296875
3 0.83447265625 0.27392578125 0.041015625 0.0537109375
0 0.70361328125 0.30224609375 0.0927734375 0.17724609375
2 0.73388671875 0.32177734375 0.01953125 0.02001953125
2 0.134765625 0.3271484375 0.02294921875 0.025390625
3 0.498046875 0.37060546875 0.044921875 0.06982421875
2 0.6728515625 0.37109375 0.01416015625 0.01904296875
1 0.02734375 0.03857421875 0.02587890625 0.037109375
5 0.7919921875 0.37890625 0.138671875 0.263671875
0 0.6484375 0.39306640625 0.09228515625 0.1552734375
0 0.796875 0.4326171875 0.2470703125 0.18603515625
5 0.46630859375 0.51513671875 0.1630859375 0.357421875
4 0.61572265625 0.05810546875 0.09423828125 0.1162109375
0 0.4716796875 0.619140625 0.25 0.34912109375
2 0.57177734375 0.66455078125 0.03125 0.02978515625
3 0.16552734375 0.07373046875 0.02294921875 0.0361328125
3 0.10205078125 0.1015625 0.02734375 0.03857421875
5 0.0302734375 0.10546875 0.06005859375 0.1708984375
3 0.12646484375 0.11083984375 0.02392578125 0.0322265625