0 0.5322265625 0.6689453125 0.2744140625 0.35400390625
5 0.52392578125 0.56201171875 0.17236328125 0.38330078125
3 0.56494140625 0.41796875 0.064453125 0.09521484375
2 0.64501953125 0.71875 0.03076171875 0.0341796875
0 0.09716796875 0.25732421875 0.1328125 0.21435546875
5 0.08740234375 0.193359375 0.087890625 0.22216796875
3 0.11376953125 0.107421875 0.02490234375 0.0576171875
5 0.13623046875 0.18798828125 0.0869140625 0.1748046875
3 0.13720703125 0.1220703125 0.0263671875 0.0458984375
2 0.146484375 0.33837890625 0.0263671875 0.01953125
0 0.20556640625 0.251953125 0.087890625 0.1376953125
2 0.23291015625 0.23681640625 0.02197265625 0.0166015625
5 0.1787109375 0.1240234375 0.07373046875 0.11669921875
3 0.1826171875 0.0849609375 0.02734375 0.03564453125
0 0.8046875 0.41455078125 0.24951171875 0.19482421875
5 0.80810546875 0.37646484375 0.1357421875 0.2685546875
3 0.84326171875 0.2763671875 0.05224609375 0.06787109375
2 0.9091796875 0.4853515625 0.0244140625 0.02880859375