0 0.32568359375 0.5146484375 0.193359375 0.3046875
5 0.32421875 0.3837890625 0.13720703125 0.27587890625
3 0.3515625 0.2861328125 0.06201171875 0.080078125
2 0.40234375 0.53466796875 0.03466796875 0.0283203125
0 0.06396484375 0.25390625 0.11865234375 0.19140625
5 0.05615234375 0.1494140625 0.072265625 0.19091796875
3 0.0712890625 0.0888671875 0.0244140625 0.04736328125
3 0.0947265625 0.1005859375 0.02783203125 0.03564453125
2 0.10595703125 0.310546875 0.0244140625 0.01318359375
0 0.79638671875 0.42138671875 0.24755859375 0.18359375
5 0.79833984375 0.36181640625 0.1220703125 0.24609375
3 0.82470703125 0.2744140625 0.04833984375 0.076171875
0 0.6279296875 0.380859375 0.1376953125 0.1650390625
2 0.67919921875 0.375 0.013671875 0.0234375
5 0.59130859375 0.26123046875 0.0712890625 0.1748046875
3 0.59521484375 0.197265625 0.0390625 0.05712890625
5 0.64453125 0.2685546875 0.0810546875 0.19970703125
3 0.6416015625 0.1943359375 0.0390625 0.05615234375