0 0.587890625 0.72216796875 0.29296875 0.38134765625
5 0.5986328125 0.62451171875 0.17626953125 0.388671875
1 0.64990234375 0.484375 0.076171875 0.11474609375
2 0.70068359375 0.76611328125 0.02880859375 0.033203125
0 0.12451171875 0.3388671875 0.142578125 0.224609375
5 0.1220703125 0.21337890625 0.1171875 0.2001953125
2 0.16552734375 0.34423828125 0.0302734375 0.03271484375
3 0.1259765625 0.14501953125 0.04443359375 0.05810546875
0 0.52880859375 0.34228515625 0.18603515625 0.20361328125
5 0.51953125 0.27392578125 0.0908203125 0.23095703125
3 0.53564453125 0.18994140625 0.04248046875 0.0625
5 0.57080078125 0.27001953125 0.091796875 0.228515625
3 0.57763671875 0.1865234375 0.04150390625 0.06201171875