4 0.9482421875 0.13134765625 0.103515625 0.1923828125
1 0.07763671875 0.1396484375 0.0439453125 0.052734375
3 0.49853515625 0.154296875 0.03076171875 0.0419921875
1 0.4453125 0.1630859375 0.0322265625 0.0458984375
5 0.05908203125 0.22119140625 0.10498046875 0.21826171875
5 0.431640625 0.2548828125 0.09521484375 0.23095703125
5 0.484375 0.26123046875 0.10009765625 0.255859375
3 0.28173828125 0.29443359375 0.03662109375 0.0615234375
0 0.0654296875 0.302734375 0.11962890625 0.2333984375
0 0.42724609375 0.30615234375 0.2294921875 0.1796875
3 0.28759765625 0.3076171875 0.0390625 0.06689453125
2 0.10400390625 0.3154296875 0.02587890625 0.0205078125
5 0.2470703125 0.40869140625 0.107421875 0.29248046875
5 0.28076171875 0.42724609375 0.12646484375 0.30712890625
4 0.611328125 0.0439453125 0.07958984375 0.087890625
0 0.267578125 0.51220703125 0.20556640625 0.32177734375
2 0.33984375 0.5615234375 0.033203125 0.0283203125
4 0.900390625 0.08349609375 0.07373046875 0.166015625