1 0.50439453125 0.16455078125 0.0322265625 0.05322265625
3 0.54443359375 0.16845703125 0.02880859375 0.04833984375
1 0.24609375 0.23779296875 0.04248046875 0.0634765625
5 0.4873046875 0.26220703125 0.09619140625 0.2490234375
5 0.5400390625 0.26611328125 0.09716796875 0.24462890625
0 0.4814453125 0.31494140625 0.21142578125 0.17138671875
5 0.216796875 0.34130859375 0.12255859375 0.26953125
4 0.76123046875 0.0419921875 0.0693359375 0.08349609375
0 0.22265625 0.42724609375 0.15380859375 0.2666015625
2 0.275390625 0.451171875 0.029296875 0.02392578125
3 0.58935546875 0.48388671875 0.04345703125 0.07861328125
3 0.6083984375 0.4970703125 0.04345703125 0.06884765625
5 0.52734375 0.62939453125 0.16796875 0.3701171875
5 0.5869140625 0.64111328125 0.166015625 0.35693359375
0 0.54345703125 0.748046875 0.29296875 0.39794921875
2 0.67041015625 0.81201171875 0.03271484375 0.0341796875