5 0.02587890625 0.14892578125 0.05126953125 0.1865234375
5 0.2666015625 0.177734375 0.08984375 0.21630859375
5 0.2333984375 0.18212890625 0.0693359375 0.220703125
0 0.24365234375 0.22900390625 0.1201171875 0.16552734375
2 0.0693359375 0.2451171875 0.0234375 0.0234375
2 0.287109375 0.25390625 0.0224609375 0.01904296875
0 0.04150390625 0.26123046875 0.0830078125 0.1435546875
4 0.66796875 0.0576171875 0.06787109375 0.11474609375
3 0.02587890625 0.076171875 0.029296875 0.04150390625
4 0.82568359375 0.0830078125 0.08056640625 0.166015625
3 0.27490234375 0.08984375 0.0263671875 0.04052734375
1 0.251953125 0.0927734375 0.0283203125 0.04150390625