5 0.18505859375 0.1298828125 0.10400390625 0.19677734375
5 0.15966796875 0.13818359375 0.072265625 0.19384765625
0 0.171875 0.17822265625 0.11328125 0.1416015625
2 0.2099609375 0.20849609375 0.0205078125 0.017578125
3 0.52197265625 0.48095703125 0.05322265625 0.0751953125
4 0.73291015625 0.0498046875 0.0810546875 0.09765625
3 0.2080078125 0.0537109375 0.02685546875 0.0458984375
1 0.1796875 0.05859375 0.02587890625 0.03564453125
5 0.49365234375 0.62939453125 0.17822265625 0.3720703125
0 0.494140625 0.74365234375 0.31103515625 0.3935546875
2 0.6044921875 0.7958984375 0.03125 0.03466796875