0 0.8359375 0.85205078125 0.32080078125 0.2958984375
5 0.89404296875 0.8134765625 0.17431640625 0.373046875
5 0.81494140625 0.8046875 0.197265625 0.37939453125
3 0.94873046875 0.67236328125 0.05419921875 0.09033203125
1 0.86865234375 0.6640625 0.0791015625 0.09619140625
2 0.9658203125 0.9833984375 0.0244140625 0.03271484375
0 0.26708984375 0.556640625 0.1943359375 0.3330078125
5 0.26806640625 0.45458984375 0.1416015625 0.31396484375
2 0.33349609375 0.5986328125 0.03369140625 0.0302734375
3 0.2880859375 0.3291015625 0.04345703125 0.0625
0 0.130859375 0.1630859375 0.123046875 0.13525390625
2 0.177734375 0.189453125 0.02099609375 0.01806640625
4 0.87548828125 0.078125 0.08837890625 0.15625