0 0.8515625 0.88427734375 0.296875 0.2314453125
5 0.9189453125 0.8359375 0.162109375 0.328125
0 0.3291015625 0.61669921875 0.22900390625 0.34814453125
5 0.3330078125 0.51416015625 0.1611328125 0.3427734375
3 0.357421875 0.37646484375 0.0439453125 0.06689453125
2 0.41259765625 0.662109375 0.03369140625 0.0322265625
0 0.1435546875 0.16796875 0.11572265625 0.142578125
5 0.15966796875 0.12841796875 0.09912109375 0.2021484375
5 0.13818359375 0.1279296875 0.072265625 0.193359375
2 0.1884765625 0.1962890625 0.0234375 0.01953125
1 0.15576171875 0.05029296875 0.0302734375 0.03857421875
3 0.18359375 0.04638671875 0.02099609375 0.03759765625