1 0.82080078125 0.11328125 0.02587890625 0.03759765625
0 0.05859375 0.1376953125 0.11572265625 0.13427734375
3 0.08837890625 0.0166015625 0.01953125 0.029296875
1 0.1005859375 0.19140625 0.03466796875 0.0546875
1 0.07275390625 0.02001953125 0.02197265625 0.03564453125
3 0.115234375 0.201171875 0.033203125 0.05517578125
5 0.8046875 0.2060546875 0.07421875 0.2236328125
0 0.80712890625 0.25 0.103515625 0.1796875
2 0.84228515625 0.25830078125 0.01953125 0.01611328125
5 0.080078125 0.2900390625 0.08642578125 0.25146484375
5 0.103515625 0.2939453125 0.09619140625 0.240234375
0 0.1015625 0.36376953125 0.12890625 0.259765625
2 0.13427734375 0.38330078125 0.029296875 0.0224609375
5 0.08740234375 0.08740234375 0.07666015625 0.171875
5 0.05224609375 0.09375 0.06201171875 0.18359375