1 0.06787109375 0.169921875 0.03271484375 0.0556640625
5 0.7890625 0.1767578125 0.06591796875 0.1787109375
3 0.0859375 0.17822265625 0.02685546875 0.04833984375
0 0.791015625 0.23583984375 0.099609375 0.18115234375
2 0.826171875 0.24658203125 0.0185546875 0.01708984375
5 0.048828125 0.263671875 0.072265625 0.24267578125
5 0.07568359375 0.265625 0.08447265625 0.23095703125
0 0.06982421875 0.3349609375 0.125 0.24853515625
2 0.1044921875 0.3515625 0.02783203125 0.02099609375
4 0.73486328125 0.091796875 0.0966796875 0.1748046875
1 0.80322265625 0.10498046875 0.02783203125 0.03564453125