0 0.8583984375 0.81201171875 0.283203125 0.37548828125
5 0.900390625 0.7255859375 0.16259765625 0.392578125
3 0.93994140625 0.56494140625 0.0419921875 0.07080078125
0 0.52001953125 0.74951171875 0.291015625 0.404296875
5 0.57666015625 0.69921875 0.24658203125 0.435546875
5 0.51513671875 0.68310546875 0.2041015625 0.43896484375
3 0.64453125 0.51708984375 0.048828125 0.07080078125
3 0.57470703125 0.49951171875 0.0458984375 0.0712890625
2 0.62109375 0.8681640625 0.037109375 0.0390625
0 0.8349609375 0.27734375 0.15478515625 0.1533203125
5 0.86376953125 0.24560546875 0.09326171875 0.17529296875
5 0.83056640625 0.23486328125 0.09033203125 0.18212890625
3 0.89306640625 0.18115234375 0.03271484375 0.0439453125
1 0.8564453125 0.1640625 0.0322265625 0.041015625