3 0.05419921875 0.16015625 0.03271484375 0.05029296875
5 0.04638671875 0.25439453125 0.0908203125 0.240234375
0 0.05029296875 0.32177734375 0.0986328125 0.25634765625
1 0.3173828125 0.3564453125 0.056640625 0.07470703125
2 0.07666015625 0.3896484375 0.02880859375 0.02490234375
3 0.60009765625 0.3974609375 0.04296875 0.07568359375
5 0.29443359375 0.498046875 0.18310546875 0.35791015625
4 0.77685546875 0.05224609375 0.07275390625 0.10400390625
5 0.58349609375 0.58544921875 0.1318359375 0.451171875
0 0.3046875 0.59521484375 0.24609375 0.36572265625
0 0.56982421875 0.6396484375 0.322265625 0.2939453125
2 0.400390625 0.6484375 0.0283203125 0.03515625