3 0.07421875 0.171875 0.02978515625 0.04052734375
5 0.0615234375 0.2685546875 0.10009765625 0.2353515625
1 0.76806640625 0.3203125 0.05078125 0.0654296875
0 0.064453125 0.333984375 0.10986328125 0.28076171875
5 0.76318359375 0.3837890625 0.08984375 0.193359375
4 0.69677734375 0.03857421875 0.0693359375 0.0771484375
1 0.37109375 0.38623046875 0.06689453125 0.07861328125
3 0.611328125 0.3994140625 0.04052734375 0.0771484375
2 0.09521484375 0.4111328125 0.03125 0.0234375
5 0.34130859375 0.54345703125 0.1572265625 0.39306640625
0 0.78857421875 0.54541015625 0.103515625 0.16552734375
5 0.59619140625 0.58447265625 0.13330078125 0.4521484375
0 0.3564453125 0.63330078125 0.28515625 0.3701171875
0 0.6142578125 0.638671875 0.265625 0.294921875
2 0.46875 0.68798828125 0.025390625 0.03369140625
4 0.96142578125 0.08154296875 0.0771484375 0.14111328125
4 0.7529296875 0.0947265625 0.103515625 0.16943359375