3 0.09814453125 0.18994140625 0.02783203125 0.04150390625
5 0.08447265625 0.29296875 0.109375 0.2470703125
1 0.765625 0.32080078125 0.052734375 0.0634765625
0 0.0869140625 0.36083984375 0.12158203125 0.27783203125
5 0.76025390625 0.39794921875 0.0947265625 0.216796875
3 0.63037109375 0.40087890625 0.04443359375 0.07958984375
1 0.48046875 0.43115234375 0.0673828125 0.0927734375
2 0.1220703125 0.43603515625 0.03076171875 0.0244140625
0 0.7763671875 0.505859375 0.146484375 0.2890625
5 0.62451171875 0.58203125 0.12158203125 0.443359375
5 0.44677734375 0.5908203125 0.171875 0.4072265625
0 0.6572265625 0.640625 0.2412109375 0.2958984375
0 0.45166015625 0.69482421875 0.28759765625 0.3955078125
2 0.57763671875 0.759765625 0.03515625 0.04052734375