3 0.033203125 0.14501953125 0.03125 0.0439453125
5 0.03662109375 0.216796875 0.07275390625 0.18896484375
1 0.2734375 0.3251953125 0.048828125 0.07080078125
0 0.0400390625 0.345703125 0.07763671875 0.16064453125
2 0.0537109375 0.36572265625 0.02685546875 0.021484375
3 0.5810546875 0.39599609375 0.04150390625 0.07666015625
5 0.24853515625 0.47021484375 0.16943359375 0.35888671875
0 0.26611328125 0.55615234375 0.2197265625 0.35205078125
5 0.57080078125 0.58544921875 0.12646484375 0.4560546875
2 0.3408203125 0.609375 0.0322265625 0.03271484375
0 0.55908203125 0.63525390625 0.33056640625 0.2802734375
4 0.85888671875 0.06787109375 0.08447265625 0.13525390625