3 0.0146484375 0.12548828125 0.02587890625 0.044921875
5 0.0263671875 0.18017578125 0.05126953125 0.1572265625
1 0.23291015625 0.296875 0.0498046875 0.0712890625
0 0.029296875 0.3203125 0.05712890625 0.154296875
2 0.0322265625 0.341796875 0.02685546875 0.0234375
3 0.55517578125 0.38720703125 0.0419921875 0.07275390625
5 0.20947265625 0.42822265625 0.154296875 0.333984375
0 0.2265625 0.5263671875 0.19287109375 0.345703125
2 0.2880859375 0.57177734375 0.03271484375 0.03076171875
5 0.54150390625 0.580078125 0.13427734375 0.46044921875
0 0.52880859375 0.6328125 0.33447265625 0.28955078125
4 0.94921875 0.09375 0.0830078125 0.15966796875