0 0.28173828125 0.5947265625 0.22998046875 0.3232421875
5 0.28369140625 0.4814453125 0.14208984375 0.31591796875
1 0.3125 0.36279296875 0.0537109375 0.07666015625
2 0.37646484375 0.61669921875 0.03515625 0.03857421875
0 0.0595703125 0.33740234375 0.11669921875 0.20947265625
5 0.056640625 0.22314453125 0.10107421875 0.19677734375
3 0.06787109375 0.15625 0.0341796875 0.044921875
2 0.08251953125 0.388671875 0.0302734375 0.02001953125
0 0.85302734375 0.85791015625 0.2939453125 0.2841796875
5 0.92626953125 0.7998046875 0.1474609375 0.400390625
1 0.95556640625 0.6474609375 0.076171875 0.1015625
0 0.5537109375 0.21484375 0.1064453125 0.18994140625
5 0.54931640625 0.1611328125 0.06640625 0.1884765625
1 0.56884765625 0.09033203125 0.02734375 0.046875
5 0.57177734375 0.1630859375 0.10302734375 0.18359375
3 0.6005859375 0.0927734375 0.0283203125 0.0400390625
2 0.59326171875 0.2685546875 0.0205078125 0.01513671875