0 0.4775390625 0.7041015625 0.30419921875 0.3701171875
5 0.47900390625 0.6171875 0.1787109375 0.3642578125
1 0.529296875 0.47607421875 0.05859375 0.08447265625
2 0.60546875 0.7509765625 0.03466796875 0.04541015625
0 0.10498046875 0.365234375 0.12353515625 0.23388671875
5 0.10400390625 0.279296875 0.11279296875 0.21630859375
3 0.1142578125 0.19677734375 0.0400390625 0.05615234375
2 0.13330078125 0.44140625 0.03173828125 0.02587890625
0 0.6376953125 0.259765625 0.13525390625 0.1865234375
5 0.6474609375 0.212890625 0.080078125 0.20751953125
1 0.6689453125 0.13623046875 0.0341796875 0.05419921875
5 0.6708984375 0.21630859375 0.10693359375 0.21630859375
0 0.53564453125 0.1484375 0.0693359375 0.12158203125
5 0.52685546875 0.06396484375 0.0625 0.12646484375
1 0.5283203125 0.02001953125 0.02587890625 0.03955078125
2 0.56103515625 0.14794921875 0.01806640625 0.0146484375