0 0.5029296875 0.7666015625 0.33837890625 0.40234375
5 0.49072265625 0.69580078125 0.19384765625 0.4775390625
1 0.546875 0.50244140625 0.06298828125 0.09033203125
2 0.64013671875 0.86962890625 0.0283203125 0.05078125
0 0.791015625 0.25048828125 0.14111328125 0.18359375
5 0.78955078125 0.18505859375 0.0888671875 0.181640625
1 0.80615234375 0.1142578125 0.03173828125 0.0390625
2 0.85009765625 0.2646484375 0.0185546875 0.0146484375
0 0.53173828125 0.2978515625 0.18798828125 0.197265625
5 0.58203125 0.25634765625 0.10205078125 0.228515625
5 0.541015625 0.2578125 0.10546875 0.2626953125
3 0.60693359375 0.16552734375 0.02978515625 0.0478515625
1 0.5673828125 0.1533203125 0.03955078125 0.05419921875
0 0.150390625 0.4609375 0.15625 0.3095703125
5 0.1376953125 0.37451171875 0.119140625 0.28955078125
1 0.15283203125 0.26025390625 0.04345703125 0.060546875
2 0.19482421875 0.48681640625 0.0380859375 0.03564453125
0 0.03857421875 0.34326171875 0.07666015625 0.16064453125
2 0.0517578125 0.3564453125 0.02587890625 0.0205078125
5 0.03271484375 0.2001953125 0.064453125 0.18994140625
3 0.0322265625 0.12939453125 0.02880859375 0.04736328125
0 0.45703125 0.18701171875 0.06201171875 0.10888671875
2 0.47021484375 0.197265625 0.02001953125 0.01611328125
5 0.455078125 0.0947265625 0.07275390625 0.1455078125
3 0.46826171875 0.03955078125 0.021484375 0.03564453125