3 0.43408203125 0.1171875 0.02783203125 0.05029296875
0 0.5986328125 0.16162109375 0.1171875 0.15869140625
2 0.64892578125 0.16943359375 0.015625 0.013671875
5 0.40673828125 0.2021484375 0.1083984375 0.22021484375
5 0.38818359375 0.20556640625 0.0712890625 0.2392578125
1 0.08349609375 0.2109375 0.03759765625 0.05615234375
0 0.40771484375 0.2958984375 0.11083984375 0.14208984375
5 0.07373046875 0.31982421875 0.10791015625 0.27294921875
1 0.61328125 0.0380859375 0.02587890625 0.0341796875
1 0.330078125 0.3837890625 0.04931640625 0.0732421875
0 0.08837890625 0.40478515625 0.1376953125 0.26708984375
2 0.12451171875 0.4189453125 0.0361328125 0.03076171875
5 0.28125 0.54833984375 0.1728515625 0.40087890625
0 0.2998046875 0.626953125 0.20947265625 0.35888671875
2 0.369140625 0.72216796875 0.03662109375 0.04052734375
1 0.3955078125 0.10986328125 0.03369140625 0.0478515625
5 0.60009765625 0.1103515625 0.0751953125 0.1787109375