0 0.79150390625 0.84033203125 0.392578125 0.3173828125
5 0.8056640625 0.779296875 0.150390625 0.44140625
0 0.93408203125 0.3154296875 0.1318359375 0.181640625
5 0.94970703125 0.2607421875 0.1005859375 0.20068359375
1 0.9716796875 0.18212890625 0.0322265625 0.04296875
1 0.83935546875 0.60546875 0.0732421875 0.09130859375
0 0.66552734375 0.33251953125 0.1630859375 0.185546875
5 0.6943359375 0.2490234375 0.1025390625 0.16943359375
5 0.76123046875 0.2578125 0.0517578125 0.14990234375
1 0.71630859375 0.1923828125 0.044921875 0.05615234375
3 0.7548828125 0.20849609375 0.033203125 0.05126953125
0 0.52392578125 0.20166015625 0.10546875 0.1875
2 0.55908203125 0.24755859375 0.01806640625 0.017578125
5 0.53662109375 0.150390625 0.1044921875 0.18603515625
3 0.564453125 0.07763671875 0.0263671875 0.0390625
1 0.5390625 0.0771484375 0.02880859375 0.0400390625
0 0.23876953125 0.54443359375 0.21533203125 0.32958984375
5 0.2294921875 0.4541015625 0.1455078125 0.3193359375
1 0.2607421875 0.330078125 0.06298828125 0.06884765625
2 0.31689453125 0.5751953125 0.0390625 0.03759765625
0 0.05224609375 0.326171875 0.10302734375 0.22607421875
5 0.0458984375 0.24267578125 0.0908203125 0.23046875
3 0.0576171875 0.14892578125 0.02978515625 0.04296875
2 0.0712890625 0.3759765625 0.02783203125 0.0244140625