0 0.3330078125 0.65234375 0.24462890625 0.357421875
5 0.31689453125 0.5810546875 0.1640625 0.4140625
1 0.37060546875 0.41259765625 0.05322265625 0.0771484375
2 0.41845703125 0.75927734375 0.0341796875 0.04248046875
0 0.0966796875 0.42041015625 0.12744140625 0.2578125
5 0.08935546875 0.30224609375 0.10546875 0.22314453125
1 0.09716796875 0.22314453125 0.04248046875 0.06494140625
2 0.13671875 0.43212890625 0.03662109375 0.03076171875
0 0.6455078125 0.185546875 0.1259765625 0.1669921875
5 0.64501953125 0.1181640625 0.07666015625 0.15087890625
1 0.65966796875 0.060546875 0.0283203125 0.03515625
2 0.69677734375 0.193359375 0.01953125 0.01513671875
0 0.43115234375 0.26318359375 0.1298828125 0.185546875
5 0.4150390625 0.18505859375 0.08642578125 0.1796875
1 0.43505859375 0.1240234375 0.03515625 0.05419921875
5 0.46240234375 0.19482421875 0.0830078125 0.173828125
3 0.4755859375 0.13232421875 0.02978515625 0.04541015625