0 0.02490234375 0.11865234375 0.048828125 0.10888671875
1 0.0458984375 0.1904296875 0.0400390625 0.05615234375
1 0.2216796875 0.29150390625 0.044921875 0.07177734375
5 0.04833984375 0.2998046875 0.0966796875 0.2734375
0 0.06640625 0.369140625 0.130859375 0.26806640625
2 0.0966796875 0.39501953125 0.03662109375 0.03466796875
5 0.20361328125 0.41015625 0.11669921875 0.30908203125
0 0.21142578125 0.50537109375 0.1328125 0.33203125
2 0.24267578125 0.59814453125 0.0400390625 0.03662109375
0 0.3974609375 0.07470703125 0.091796875 0.12939453125
2 0.03759765625 0.10205078125 0.01953125 0.01708984375