0 0.89892578125 0.44775390625 0.18798828125 0.234375
5 0.89990234375 0.3515625 0.1171875 0.205078125
1 0.9326171875 0.2763671875 0.03759765625 0.05517578125
5 0.92431640625 0.3623046875 0.14111328125 0.18359375
3 0.95458984375 0.29638671875 0.03466796875 0.04248046875
2 0.970703125 0.4873046875 0.0234375 0.021484375
0 0.72607421875 0.7841796875 0.31591796875 0.36865234375
5 0.7451171875 0.64697265625 0.1650390625 0.3212890625
3 0.794921875 0.5361328125 0.05224609375 0.09130859375
5 0.818359375 0.73583984375 0.14453125 0.38427734375
3 0.86181640625 0.58447265625 0.05419921875 0.08447265625
0 0.17041015625 0.44775390625 0.13037109375 0.24853515625
5 0.16455078125 0.33349609375 0.11572265625 0.26318359375
1 0.17431640625 0.23681640625 0.052734375 0.07421875
2 0.1923828125 0.51953125 0.037109375 0.0341796875
0 0.04052734375 0.34375 0.0791015625 0.173828125
5 0.03759765625 0.189453125 0.0751953125 0.1611328125
1 0.037109375 0.140625 0.04345703125 0.06591796875
2 0.04248046875 0.318359375 0.0341796875 0.02880859375