5 0.515625 0.1259765625 0.07080078125 0.1298828125
5 0.65478515625 0.13671875 0.0693359375 0.1728515625
5 0.67919921875 0.14453125 0.06689453125 0.17578125
5 0.53857421875 0.15185546875 0.0849609375 0.16552734375
5 0.0283203125 0.1787109375 0.0537109375 0.18505859375
1 0.0947265625 0.18408203125 0.04638671875 0.06640625
0 0.66259765625 0.18701171875 0.123046875 0.1650390625
0 0.53076171875 0.21826171875 0.1015625 0.1845703125
2 0.7119140625 0.22705078125 0.01953125 0.02001953125
2 0.5634765625 0.23193359375 0.021484375 0.0185546875
3 0.49658203125 0.232421875 0.037109375 0.0576171875
5 0.09228515625 0.275390625 0.09765625 0.24609375
2 0.029296875 0.2880859375 0.02978515625 0.0263671875
0 0.02685546875 0.3076171875 0.05126953125 0.16943359375
3 0.42041015625 0.31982421875 0.044921875 0.0654296875
5 0.48779296875 0.3251953125 0.09423828125 0.2412109375
3 0.45751953125 0.36181640625 0.04443359375 0.06298828125
0 0.10302734375 0.369140625 0.1298828125 0.2666015625
5 0.37841796875 0.4375 0.13037109375 0.2998046875
2 0.1396484375 0.43896484375 0.0322265625 0.0322265625
4 0.58447265625 0.044921875 0.05908203125 0.08935546875
0 0.51123046875 0.4697265625 0.078125 0.205078125
5 0.4091796875 0.478515625 0.142578125 0.2958984375
3 0.98046875 0.490234375 0.03857421875 0.08203125
2 0.5205078125 0.50146484375 0.02783203125 0.02685546875
0 0.39013671875 0.5322265625 0.16259765625 0.31005859375
2 0.44091796875 0.63330078125 0.0341796875 0.04150390625
5 0.92822265625 0.65478515625 0.1435546875 0.41015625
0 0.8955078125 0.6875 0.208984375 0.296875
3 0.6787109375 0.0693359375 0.01953125 0.03759765625
3 0.69482421875 0.07177734375 0.01904296875 0.02978515625
2 0.53857421875 0.0791015625 0.02490234375 0.03759765625
3 0.5498046875 0.08740234375 0.02294921875 0.03662109375
1 0.01806640625 0.11181640625 0.033203125 0.0517578125