0 0.87744140625 0.64990234375 0.2451171875 0.2685546875
5 0.8798828125 0.62060546875 0.140625 0.36767578125
3 0.9326171875 0.470703125 0.033203125 0.07177734375
5 0.9443359375 0.61083984375 0.111328125 0.33740234375
3 0.9716796875 0.478515625 0.056640625 0.0771484375
0 0.3740234375 0.50732421875 0.1396484375 0.27783203125
5 0.36474609375 0.3828125 0.103515625 0.22509765625
5 0.3857421875 0.4462890625 0.12890625 0.2822265625
2 0.41162109375 0.6083984375 0.037109375 0.03466796875
3 0.39208984375 0.3046875 0.04345703125 0.05810546875
3 0.43115234375 0.34326171875 0.041015625 0.06591796875
0 0.0966796875 0.38916015625 0.12255859375 0.23828125
5 0.083984375 0.3134765625 0.0888671875 0.33203125
1 0.08544921875 0.17333984375 0.05517578125 0.05908203125
2 0.13720703125 0.427734375 0.03515625 0.0205078125
0 0.61767578125 0.16943359375 0.11328125 0.15966796875
5 0.6103515625 0.13134765625 0.05078125 0.1923828125
3 0.62548828125 0.05078125 0.0234375 0.03466796875
5 0.619140625 0.119140625 0.0908203125 0.154296875
3 0.64794921875 0.05517578125 0.0283203125 0.037109375
2 0.66259765625 0.20361328125 0.01708984375 0.0146484375
0 0.45068359375 0.38623046875 0.1279296875 0.298828125
5 0.46630859375 0.29248046875 0.09619140625 0.20556640625
3 0.47216796875 0.21630859375 0.0302734375 0.056640625
2 0.48974609375 0.47509765625 0.0322265625 0.02392578125