1 0.01904296875 0.125 0.03564453125 0.04736328125
3 0.88525390625 0.15771484375 0.021484375 0.0439453125
3 0.904296875 0.1630859375 0.0244140625 0.0390625
1 0.71728515625 0.16796875 0.025390625 0.05224609375
3 0.7294921875 0.17822265625 0.03076171875 0.0419921875
1 0.1298828125 0.20263671875 0.046875 0.06787109375
5 0.02978515625 0.2041015625 0.0576171875 0.2080078125
5 0.857421875 0.234375 0.07861328125 0.19677734375
5 0.6884765625 0.23779296875 0.08349609375 0.19091796875
5 0.880859375 0.2451171875 0.07958984375 0.19970703125
5 0.716796875 0.265625 0.11083984375 0.2177734375
0 0.86328125 0.296875 0.140625 0.1845703125
2 0.0341796875 0.30029296875 0.03173828125 0.02783203125
5 0.125 0.3095703125 0.09375 0.28173828125
0 0.68896484375 0.318359375 0.13818359375 0.21484375
0 0.033203125 0.3203125 0.06591796875 0.17138671875
3 0.64453125 0.32177734375 0.0380859375 0.0595703125
2 0.9228515625 0.34375 0.01953125 0.0224609375
2 0.7431640625 0.34521484375 0.02392578125 0.0224609375
0 0.1328125 0.40185546875 0.11865234375 0.26708984375
5 0.630859375 0.4033203125 0.10302734375 0.2216796875
3 0.5673828125 0.41357421875 0.04296875 0.07373046875
3 0.61376953125 0.4609375 0.0478515625 0.07421875
2 0.1640625 0.47021484375 0.03271484375 0.0400390625
0 0.6318359375 0.533203125 0.15283203125 0.32470703125
5 0.5087890625 0.544921875 0.17041015625 0.337890625
5 0.5654296875 0.5966796875 0.15478515625 0.34716796875
2 0.6826171875 0.62255859375 0.0263671875 0.0263671875
0 0.51513671875 0.65576171875 0.23046875 0.35009765625
2 0.603515625 0.763671875 0.033203125 0.046875