0 0.48193359375 0.42236328125 0.1875 0.267578125
5 0.4677734375 0.37744140625 0.10205078125 0.3232421875
3 0.50244140625 0.24365234375 0.03271484375 0.05517578125
5 0.5107421875 0.333984375 0.09423828125 0.2060546875
3 0.52734375 0.26123046875 0.0341796875 0.0556640625
2 0.55615234375 0.44873046875 0.0283203125 0.0244140625
0 0.21240234375 0.2861328125 0.10400390625 0.1923828125
5 0.19775390625 0.193359375 0.0673828125 0.181640625
3 0.21337890625 0.130859375 0.0341796875 0.0546875
5 0.216796875 0.234375 0.09033203125 0.208984375
3 0.2353515625 0.15185546875 0.03173828125 0.0546875
2 0.240234375 0.35107421875 0.02734375 0.025390625
0 0.57958984375 0.21533203125 0.134765625 0.1865234375
5 0.58544921875 0.16259765625 0.0869140625 0.1943359375
1 0.6005859375 0.0927734375 0.0380859375 0.0517578125
2 0.63818359375 0.23486328125 0.01904296875 0.01904296875