4 0.9091796875 0.08740234375 0.10888671875 0.17333984375
0 0.884765625 0.361328125 0.2099609375 0.23046875
5 0.89208984375 0.2890625 0.10546875 0.220703125
1 0.9150390625 0.20458984375 0.0390625 0.05126953125
0 0.6123046875 0.49658203125 0.2138671875 0.275390625
5 0.6484375 0.427734375 0.10888671875 0.2548828125
5 0.59814453125 0.45703125 0.11962890625 0.35546875
3 0.66748046875 0.32861328125 0.04248046875 0.056640625
3 0.64208984375 0.30908203125 0.0322265625 0.05908203125
2 0.70263671875 0.53515625 0.02978515625 0.03125
0 0.2734375 0.36767578125 0.0947265625 0.23388671875
5 0.2734375 0.31201171875 0.10302734375 0.2412109375
5 0.2626953125 0.25634765625 0.0810546875 0.19921875
3 0.30517578125 0.2177734375 0.03369140625 0.052734375
3 0.28662109375 0.18212890625 0.0302734375 0.05078125
2 0.2900390625 0.43603515625 0.0322265625 0.0302734375
0 0.3408203125 0.314453125 0.0439453125 0.14453125
2 0.3408203125 0.3291015625 0.02392578125 0.01953125
5 0.32470703125 0.1708984375 0.06201171875 0.1591796875
3 0.32470703125 0.11181640625 0.02490234375 0.041015625
0 0.04833984375 0.32421875 0.09619140625 0.2275390625
5 0.05224609375 0.275390625 0.09033203125 0.296875
1 0.0595703125 0.1533203125 0.037109375 0.0517578125