0 0.42138671875 0.38232421875 0.17529296875 0.25048828125
5 0.4072265625 0.34228515625 0.10205078125 0.30517578125
3 0.44140625 0.2138671875 0.03271484375 0.04833984375
5 0.4482421875 0.294921875 0.09375 0.193359375
3 0.46337890625 0.2236328125 0.03076171875 0.05126953125
2 0.48828125 0.40771484375 0.0263671875 0.0234375
0 0.17041015625 0.24609375 0.1123046875 0.20751953125
5 0.1533203125 0.173828125 0.0703125 0.19091796875
3 0.17236328125 0.10595703125 0.03125 0.0556640625
5 0.1796875 0.2080078125 0.08740234375 0.20263671875
3 0.19482421875 0.12890625 0.03125 0.0458984375
2 0.20654296875 0.3193359375 0.03076171875 0.0263671875
0 0.45947265625 0.16845703125 0.13623046875 0.154296875
5 0.46337890625 0.10498046875 0.09033203125 0.1533203125
1 0.47607421875 0.0478515625 0.03515625 0.0419921875
4 0.861328125 0.08154296875 0.08837890625 0.142578125