0 0.5087890625 0.4423828125 0.1845703125 0.26904296875
5 0.494140625 0.40234375 0.11279296875 0.33544921875
3 0.5341796875 0.2646484375 0.0341796875 0.06689453125
5 0.5439453125 0.34716796875 0.10400390625 0.21337890625
3 0.5625 0.27294921875 0.04248046875 0.064453125
0 0.228515625 0.3037109375 0.1005859375 0.22412109375
5 0.2197265625 0.1953125 0.0673828125 0.15771484375
3 0.2314453125 0.1396484375 0.037109375 0.05322265625
5 0.22802734375 0.24658203125 0.0869140625 0.21630859375
3 0.251953125 0.16845703125 0.03076171875 0.0537109375
2 0.2548828125 0.3720703125 0.0302734375 0.02734375
0 0.6474609375 0.25048828125 0.15234375 0.1923828125
5 0.65234375 0.18603515625 0.0888671875 0.1787109375
1 0.67138671875 0.11865234375 0.03173828125 0.04541015625