3 0.19580078125 0.11474609375 0.0302734375 0.0458984375
5 0.51953125 0.13134765625 0.08447265625 0.17236328125
3 0.21728515625 0.13720703125 0.03076171875 0.04931640625
5 0.0234375 0.17626953125 0.046875 0.1767578125
0 0.51904296875 0.1953125 0.1474609375 0.1826171875
5 0.1787109375 0.20458984375 0.06884765625 0.2255859375
5 0.1953125 0.22705078125 0.08984375 0.22900390625
2 0.57666015625 0.22998046875 0.0146484375 0.02197265625
0 0.1923828125 0.27490234375 0.10400390625 0.2216796875
0 0.02783203125 0.3115234375 0.05419921875 0.14697265625
5 0.47705078125 0.33154296875 0.0966796875 0.22998046875
2 0.22412109375 0.33447265625 0.02880859375 0.02685546875
5 0.431640625 0.36376953125 0.1103515625 0.32275390625
0 0.451171875 0.40478515625 0.1865234375 0.2646484375
2 0.52294921875 0.42822265625 0.0283203125 0.025390625
1 0.53662109375 0.06396484375 0.02783203125 0.0390625
4 0.794921875 0.0712890625 0.08154296875 0.142578125
1 0.013671875 0.1123046875 0.0263671875 0.048828125