0 0.05859375 0.130859375 0.06298828125 0.111328125
2 0.07666015625 0.14208984375 0.02099609375 0.0146484375
5 0.7353515625 0.1611328125 0.07861328125 0.16162109375
5 0.19970703125 0.1845703125 0.08056640625 0.1953125
1 0.947265625 0.19775390625 0.03564453125 0.04443359375
5 0.16064453125 0.20263671875 0.083984375 0.2470703125
3 0.96484375 0.2109375 0.02587890625 0.0390625
0 0.744140625 0.2421875 0.09814453125 0.18310546875
2 0.77490234375 0.248046875 0.0185546875 0.01806640625
0 0.18017578125 0.2509765625 0.14892578125 0.2109375
2 0.23681640625 0.26171875 0.0205078125 0.01806640625
5 0.9228515625 0.2744140625 0.08642578125 0.19775390625
5 0.93896484375 0.29345703125 0.10009765625 0.2041015625
0 0.92578125 0.34130859375 0.12890625 0.21630859375
3 0.978515625 0.39111328125 0.04296875 0.0654296875
0 0.1376953125 0.04345703125 0.09130859375 0.08642578125
2 0.1689453125 0.046875 0.01416015625 0.01611328125
5 0.94384765625 0.5224609375 0.11181640625 0.32470703125
0 0.91552734375 0.5595703125 0.1689453125 0.228515625
3 0.19091796875 0.10107421875 0.0234375 0.0439453125
1 0.7490234375 0.1015625 0.02880859375 0.04248046875
3 0.20166015625 0.107421875 0.0263671875 0.041015625