2 0.521484375 0.1298828125 0.015625 0.01513671875
5 0.140625 0.1318359375 0.0869140625 0.19677734375
5 0.166015625 0.1376953125 0.10498046875 0.19287109375
0 0.14794921875 0.18701171875 0.1181640625 0.1796875
2 0.18896484375 0.236328125 0.02099609375 0.025390625
1 0.7236328125 0.26953125 0.0439453125 0.0615234375
3 0.642578125 0.28271484375 0.0380859375 0.06298828125
3 0.67626953125 0.2998046875 0.03564453125 0.06005859375
5 0.7197265625 0.3720703125 0.06591796875 0.2666015625
5 0.615234375 0.38818359375 0.09912109375 0.27392578125
5 0.65234375 0.40576171875 0.14208984375 0.27294921875
3 0.43994140625 0.43896484375 0.0478515625 0.06103515625
2 0.775390625 0.46630859375 0.02392578125 0.025390625
0 0.6318359375 0.46875 0.15869140625 0.28857421875
0 0.7451171875 0.482421875 0.0869140625 0.17529296875
3 0.15771484375 0.05517578125 0.025390625 0.044921875
2 0.68359375 0.55615234375 0.03173828125 0.03564453125
5 0.4169921875 0.583984375 0.171875 0.35791015625
3 0.19287109375 0.06201171875 0.02685546875 0.04248046875
0 0.423828125 0.6904296875 0.220703125 0.380859375
2 0.505859375 0.73974609375 0.0380859375 0.03759765625
0 0.49169921875 0.091796875 0.09228515625 0.1513671875