2 0.48876953125 0.11376953125 0.0146484375 0.0126953125
5 0.12548828125 0.11962890625 0.0986328125 0.1865234375
5 0.09716796875 0.13525390625 0.08837890625 0.2216796875
0 0.1083984375 0.173828125 0.111328125 0.17724609375
2 0.1455078125 0.21533203125 0.0205078125 0.021484375
1 0.6728515625 0.2421875 0.0419921875 0.05517578125
3 0.595703125 0.25244140625 0.037109375 0.06103515625
3 0.630859375 0.263671875 0.03857421875 0.06005859375
5 0.67138671875 0.3056640625 0.06298828125 0.181640625
5 0.572265625 0.3154296875 0.09521484375 0.18798828125
5 0.6064453125 0.37353515625 0.13671875 0.28076171875
3 0.41064453125 0.41259765625 0.03955078125 0.06787109375
3 0.11572265625 0.0419921875 0.021484375 0.03564453125
2 0.72021484375 0.4375 0.025390625 0.02392578125
0 0.5888671875 0.43994140625 0.1416015625 0.27978515625
3 0.15087890625 0.04443359375 0.02294921875 0.0361328125
0 0.6982421875 0.45849609375 0.078125 0.1728515625
5 0.390625 0.56005859375 0.162109375 0.3623046875
0 0.39697265625 0.662109375 0.2080078125 0.3779296875
2 0.470703125 0.70703125 0.037109375 0.03369140625
0 0.46240234375 0.0810546875 0.0859375 0.14453125
0 0.8955078125 0.8857421875 0.20703125 0.228515625