0 0.67822265625 0.8427734375 0.349609375 0.314453125
5 0.67724609375 0.794921875 0.2060546875 0.41015625
2 0.8125 0.9765625 0.0419921875 0.03857421875
3 0.712890625 0.6328125 0.05517578125 0.08154296875
0 0.87841796875 0.7275390625 0.15625 0.3212890625
5 0.86669921875 0.5693359375 0.10498046875 0.2802734375
3 0.89453125 0.47119140625 0.04443359375 0.07666015625
5 0.9208984375 0.5830078125 0.14794921875 0.26171875
3 0.9404296875 0.49462890625 0.0458984375 0.08447265625
2 0.9140625 0.82080078125 0.03857421875 0.03759765625
0 0.712890625 0.453125 0.16845703125 0.259765625
5 0.69580078125 0.33251953125 0.12353515625 0.19775390625
3 0.71533203125 0.26904296875 0.05029296875 0.0712890625
2 0.78076171875 0.48876953125 0.0244140625 0.02734375
0 0.54345703125 0.1318359375 0.08837890625 0.12890625
5 0.53955078125 0.05810546875 0.064453125 0.1162109375
2 0.572265625 0.13134765625 0.0166015625 0.0166015625
1 0.54736328125 0.0185546875 0.02685546875 0.03662109375