0 0.115234375 0.15380859375 0.10693359375 0.1435546875
5 0.31396484375 0.31689453125 0.03466796875 0.0537109375
3 0.1357421875 0.03759765625 0.0244140625 0.0380859375
5 0.30078125 0.4501953125 0.13671875 0.32177734375
0 0.3046875 0.53662109375 0.1552734375 0.34765625
3 0.72998046875 0.5458984375 0.0478515625 0.07861328125
2 0.34814453125 0.58056640625 0.037109375 0.03076171875
3 0.78271484375 0.6064453125 0.05029296875 0.07763671875
5 0.68994140625 0.67724609375 0.15185546875 0.341796875
5 0.74072265625 0.73583984375 0.18994140625 0.3369140625
4 0.84765625 0.07470703125 0.07861328125 0.1494140625
0 0.69677734375 0.78857421875 0.2607421875 0.4052734375
2 0.78466796875 0.92041015625 0.0380859375 0.03955078125
5 0.12841796875 0.1083984375 0.07958984375 0.17822265625