0 0.91259765625 0.85302734375 0.1748046875 0.28173828125
0 0.4873046875 0.671875 0.2177734375 0.380859375
5 0.482421875 0.607421875 0.16650390625 0.41943359375
2 0.55712890625 0.72705078125 0.0390625 0.03369140625
1 0.5185546875 0.43701171875 0.0556640625 0.07666015625
0 0.2880859375 0.4404296875 0.14892578125 0.296875
5 0.30517578125 0.384765625 0.12841796875 0.25927734375
5 0.27099609375 0.35400390625 0.08740234375 0.2607421875
3 0.3251953125 0.28173828125 0.03515625 0.05224609375
3 0.29736328125 0.25146484375 0.033203125 0.0556640625
2 0.33154296875 0.51953125 0.0302734375 0.0234375
0 0.1328125 0.330078125 0.11865234375 0.2451171875
5 0.12890625 0.25244140625 0.10986328125 0.24560546875
3 0.1318359375 0.15087890625 0.02587890625 0.04248046875
2 0.17236328125 0.341796875 0.02783203125 0.02294921875
0 0.3330078125 0.07275390625 0.08203125 0.1328125
0 0.35986328125 0.0732421875 0.01708984375 0.01513671875