5 0.65283203125 0.1552734375 0.0888671875 0.1962890625
0 0.6513671875 0.212890625 0.13671875 0.177734375
2 0.70703125 0.22265625 0.02099609375 0.0166015625
3 0.2275390625 0.2255859375 0.03125 0.05078125
5 0.22412109375 0.3408203125 0.1142578125 0.2822265625
3 0.505859375 0.3984375 0.0419921875 0.0673828125
0 0.22705078125 0.42431640625 0.1298828125 0.2724609375
3 0.55615234375 0.4423828125 0.04248046875 0.0654296875
2 0.26611328125 0.4501953125 0.0322265625 0.0244140625
5 0.47119140625 0.5166015625 0.1328125 0.30712890625
5 0.51318359375 0.5576171875 0.1728515625 0.29736328125
0 0.48095703125 0.61328125 0.21142578125 0.3583984375
1 0.8857421875 0.70361328125 0.07177734375 0.10400390625
2 0.5498046875 0.7197265625 0.03564453125 0.029296875
1 0.67236328125 0.07861328125 0.02880859375 0.0419921875
5 0.8271484375 0.8251953125 0.22509765625 0.34912109375
0 0.8056640625 0.8720703125 0.35693359375 0.255859375