0 0.44189453125 0.11572265625 0.09521484375 0.14794921875
2 0.4765625 0.12158203125 0.02001953125 0.0166015625
3 0.16357421875 0.1748046875 0.02880859375 0.0439453125
5 0.1611328125 0.279296875 0.1083984375 0.25146484375
3 0.3818359375 0.30859375 0.03759765625 0.0576171875
3 0.41845703125 0.34619140625 0.0390625 0.05810546875
0 0.16650390625 0.35595703125 0.1201171875 0.24267578125
2 0.20556640625 0.37548828125 0.02880859375 0.02294921875
5 0.34912109375 0.42138671875 0.10498046875 0.2841796875
5 0.3857421875 0.45361328125 0.1455078125 0.2724609375
0 0.36279296875 0.5029296875 0.16259765625 0.31884765625
1 0.65869140625 0.54345703125 0.06591796875 0.09423828125
2 0.41015625 0.59814453125 0.033203125 0.0263671875
5 0.60546875 0.7333984375 0.2041015625 0.47314453125
0 0.60693359375 0.79296875 0.26953125 0.4111328125
2 0.70947265625 0.87060546875 0.03955078125 0.03955078125