3 0.2197265625 0.197265625 0.0302734375 0.0517578125
5 0.0751953125 0.20166015625 0.0966796875 0.228515625
3 0.24658203125 0.22314453125 0.0302734375 0.0478515625
0 0.0791015625 0.26904296875 0.10546875 0.22119140625
2 0.10888671875 0.2841796875 0.02734375 0.0205078125
5 0.19384765625 0.29345703125 0.08544921875 0.244140625
1 0.35498046875 0.29833984375 0.046875 0.06494140625
5 0.22705078125 0.318359375 0.1142578125 0.236328125
0 0.212890625 0.36767578125 0.12353515625 0.263671875
5 0.32275390625 0.4375 0.1484375 0.3447265625
2 0.24609375 0.44384765625 0.0263671875 0.0205078125
1 0.81201171875 0.4951171875 0.0517578125 0.07373046875
0 0.34228515625 0.5078125 0.17333984375 0.33349609375
2 0.390625 0.54443359375 0.0361328125 0.02783203125
5 0.7568359375 0.6845703125 0.19970703125 0.4521484375
0 0.7568359375 0.76123046875 0.28564453125 0.38037109375
2 0.88037109375 0.82373046875 0.03662109375 0.0419921875
3 0.0751953125 0.107421875 0.02685546875 0.037109375