0 0.67578125 0.69970703125 0.2666015625 0.35791015625
5 0.67333984375 0.62939453125 0.1806640625 0.4384765625
3 0.724609375 0.4482421875 0.0537109375 0.07666015625
2 0.7861328125 0.76123046875 0.03271484375 0.033203125
0 0.30859375 0.48583984375 0.16748046875 0.291015625
5 0.29736328125 0.419921875 0.12890625 0.35498046875
1 0.32275390625 0.2783203125 0.0498046875 0.0712890625
2 0.35498046875 0.51318359375 0.0380859375 0.02587890625
0 0.056640625 0.25537109375 0.10205078125 0.1943359375
5 0.04931640625 0.1484375 0.08154296875 0.1630859375
3 0.0439453125 0.08837890625 0.029296875 0.04736328125
2 0.078125 0.25537109375 0.02490234375 0.0166015625
0 0.1904296875 0.3515625 0.12158203125 0.2294921875
5 0.1748046875 0.2724609375 0.08349609375 0.236328125
3 0.19677734375 0.17919921875 0.033203125 0.05908203125
5 0.21875 0.30126953125 0.083984375 0.23291015625
3 0.22607421875 0.21240234375 0.037109375 0.05029296875