3 0.087890625 0.12060546875 0.029296875 0.03857421875
5 0.06884765625 0.181640625 0.08203125 0.1591796875
5 0.04248046875 0.18310546875 0.07177734375 0.2041015625
1 0.2177734375 0.19140625 0.04052734375 0.05712890625
0 0.06005859375 0.2509765625 0.10791015625 0.2060546875
1 0.4794921875 0.2841796875 0.0419921875 0.0634765625
5 0.1953125 0.28564453125 0.111328125 0.24609375
2 0.0888671875 0.30126953125 0.02392578125 0.021484375
0 0.2041015625 0.37109375 0.13623046875 0.26123046875
5 0.453125 0.3935546875 0.13818359375 0.27978515625
2 0.23876953125 0.39892578125 0.02978515625 0.0244140625
0 0.45947265625 0.501953125 0.16552734375 0.2998046875
2 0.5146484375 0.54541015625 0.0341796875 0.03173828125
3 0.064453125 0.1015625 0.02685546875 0.0419921875