1 0.71435546875 0.1591796875 0.0361328125 0.04443359375
3 0.7490234375 0.1650390625 0.02587890625 0.04248046875
5 0.72705078125 0.22216796875 0.09326171875 0.15771484375
5 0.6953125 0.22802734375 0.08544921875 0.18310546875
3 0.68359375 0.30029296875 0.0341796875 0.0556640625
0 0.70947265625 0.30859375 0.1181640625 0.21484375
2 0.75244140625 0.32861328125 0.0224609375 0.0234375
1 0.54443359375 0.3876953125 0.0537109375 0.07421875
5 0.6494140625 0.43359375 0.14111328125 0.32080078125
0 0.669921875 0.48193359375 0.193359375 0.265625
2 0.75048828125 0.521484375 0.02734375 0.03076171875
0 0.51953125 0.537109375 0.24609375 0.25634765625
5 0.5166015625 0.55126953125 0.1591796875 0.40234375
3 0.63720703125 0.58203125 0.0419921875 0.06982421875
5 0.58056640625 0.7265625 0.15625 0.35791015625
0 0.578125 0.8291015625 0.26513671875 0.341796875
2 0.68505859375 0.91845703125 0.037109375 0.04296875