3 0.67333984375 0.296875 0.033203125 0.05810546875
1 0.54541015625 0.3818359375 0.05224609375 0.06787109375
5 0.64111328125 0.423828125 0.1318359375 0.3125
0 0.66455078125 0.484375 0.1806640625 0.275390625
5 0.51318359375 0.494140625 0.15185546875 0.29150390625
2 0.73876953125 0.51416015625 0.02490234375 0.03125
0 0.50048828125 0.5322265625 0.2109375 0.2421875
3 0.60888671875 0.5595703125 0.0537109375 0.07568359375
5 0.55908203125 0.71875 0.16259765625 0.392578125
0 0.5556640625 0.8203125 0.26513671875 0.359375
2 0.6572265625 0.89453125 0.0322265625 0.04052734375