0 0.60107421875 0.78173828125 0.26025390625 0.4365234375
5 0.60888671875 0.751953125 0.158203125 0.3779296875
1 0.6650390625 0.59912109375 0.044921875 0.07275390625
2 0.7109375 0.9443359375 0.03369140625 0.04443359375
0 0.51806640625 0.57568359375 0.24072265625 0.3291015625
5 0.51513671875 0.55419921875 0.15380859375 0.41015625
1 0.5458984375 0.388671875 0.05224609375 0.07861328125
0 0.67822265625 0.48779296875 0.19580078125 0.26708984375
2 0.75927734375 0.52734375 0.02783203125 0.03125
5 0.658203125 0.4248046875 0.13671875 0.3037109375
3 0.689453125 0.3037109375 0.03564453125 0.0625
0 0.74365234375 0.33544921875 0.14013671875 0.228515625
5 0.7724609375 0.27099609375 0.09619140625 0.2119140625
5 0.73046875 0.2412109375 0.10107421875 0.1708984375
2 0.7978515625 0.3525390625 0.021484375 0.01953125
3 0.79443359375 0.1865234375 0.02734375 0.04248046875
1 0.75634765625 0.17919921875 0.0419921875 0.046875