0 0.48291015625 0.75390625 0.2158203125 0.365234375
5 0.47216796875 0.65380859375 0.1748046875 0.3740234375
1 0.5361328125 0.509765625 0.0517578125 0.08251953125
0 0.83544921875 0.857421875 0.2900390625 0.28173828125
5 0.84521484375 0.77880859375 0.18798828125 0.31884765625
1 0.892578125 0.66259765625 0.064453125 0.091796875
0 0.59228515625 0.453125 0.18359375 0.22119140625
5 0.57568359375 0.3349609375 0.1181640625 0.2109375
3 0.58984375 0.2626953125 0.041015625 0.0615234375
2 0.65283203125 0.4677734375 0.03369140625 0.03173828125
0 0.80078125 0.375 0.13134765625 0.22900390625
5 0.82958984375 0.31103515625 0.1044921875 0.18603515625
3 0.849609375 0.2451171875 0.04345703125 0.05419921875