2 0.2490234375 0.12744140625 0.02099609375 0.0185546875
5 0.328125 0.1533203125 0.076171875 0.16650390625
1 0.30810546875 0.22412109375 0.041015625 0.06298828125
0 0.33447265625 0.22412109375 0.08837890625 0.1904296875
2 0.35888671875 0.2412109375 0.0234375 0.0185546875
5 0.31396484375 0.30810546875 0.10107421875 0.23095703125
1 0.5009765625 0.3251953125 0.04296875 0.06982421875
4 0.71044921875 0.03466796875 0.05810546875 0.0693359375
0 0.68017578125 0.37109375 0.0478515625 0.1474609375
2 0.6845703125 0.3916015625 0.017578125 0.02685546875
1 0.98095703125 0.4013671875 0.0380859375 0.08203125
5 0.48193359375 0.404296875 0.1201171875 0.2294921875
0 0.32958984375 0.453125 0.0771484375 0.20654296875
1 0.50830078125 0.45458984375 0.05419921875 0.078125
2 0.34423828125 0.46142578125 0.03857421875 0.0361328125
0 0.21240234375 0.47802734375 0.14697265625 0.29345703125
2 0.26171875 0.51513671875 0.03125 0.029296875
5 0.94970703125 0.5185546875 0.1005859375 0.3134765625
0 0.48291015625 0.51904296875 0.197265625 0.30224609375
0 0.91796875 0.57177734375 0.1640625 0.2080078125
5 0.4736328125 0.5947265625 0.158203125 0.359375
2 0.55419921875 0.61181640625 0.03466796875 0.03564453125
1 0.81689453125 0.65087890625 0.072265625 0.1142578125
0 0.4833984375 0.71337890625 0.17919921875 0.39697265625
2 0.52978515625 0.734375 0.04150390625 0.03369140625
5 0.77490234375 0.796875 0.1845703125 0.40625
0 0.767578125 0.8681640625 0.29833984375 0.263671875
3 0.3388671875 0.08837890625 0.02294921875 0.0361328125
0 0.21337890625 0.0927734375 0.099609375 0.16259765625