0 0.203125 0.13330078125 0.078125 0.1337890625
1 0.248046875 0.17724609375 0.03662109375 0.06298828125
3 0.220703125 0.02197265625 0.02197265625 0.041015625
5 0.25390625 0.27197265625 0.091796875 0.25244140625
3 0.40625 0.27490234375 0.03515625 0.0615234375
1 0.71240234375 0.2861328125 0.05029296875 0.0693359375
3 0.75732421875 0.32421875 0.03564453125 0.05810546875
0 0.25439453125 0.34423828125 0.10107421875 0.29443359375
1 0.4140625 0.3505859375 0.0498046875 0.0703125
5 0.392578125 0.35400390625 0.11328125 0.2197265625
0 0.15673828125 0.375 0.1015625 0.27392578125
2 0.28125 0.39990234375 0.03564453125 0.037109375
2 0.171875 0.42236328125 0.0302734375 0.02783203125
5 0.6865234375 0.4248046875 0.11083984375 0.34716796875
5 0.7158203125 0.44873046875 0.1396484375 0.30615234375
0 0.3935546875 0.45556640625 0.1875 0.2587890625
5 0.39501953125 0.482421875 0.12646484375 0.333984375
0 0.69287109375 0.48681640625 0.20947265625 0.27197265625
1 0.595703125 0.529296875 0.06787109375 0.10400390625
0 0.39697265625 0.560546875 0.17236328125 0.36279296875
2 0.7744140625 0.576171875 0.02587890625 0.03125
2 0.44580078125 0.59814453125 0.03662109375 0.0322265625
5 0.57080078125 0.71044921875 0.1650390625 0.4658203125
0 0.13330078125 0.072265625 0.08935546875 0.12890625
0 0.57421875 0.8076171875 0.302734375 0.384765625
4 0.8359375 0.08251953125 0.0869140625 0.16015625
2 0.69921875 0.9638671875 0.0390625 0.0556640625
5 0.21484375 0.09814453125 0.06005859375 0.19140625