0 0.22802734375 0.251953125 0.08837890625 0.1845703125
5 0.2265625 0.1591796875 0.0810546875 0.16796875
3 0.236328125 0.09912109375 0.03369140625 0.0517578125
2 0.248046875 0.2939453125 0.03466796875 0.029296875
0 0.3662109375 0.28662109375 0.1044921875 0.17919921875
5 0.359375 0.19677734375 0.07763671875 0.2216796875
1 0.3779296875 0.12548828125 0.03759765625 0.06103515625
5 0.375 0.20703125 0.10107421875 0.18505859375
3 0.400390625 0.14453125 0.03369140625 0.06005859375
2 0.392578125 0.35302734375 0.03125 0.03271484375
0 0.5078125 0.2734375 0.13134765625 0.12060546875
5 0.51220703125 0.216796875 0.09130859375 0.15087890625
1 0.52099609375 0.16650390625 0.04248046875 0.05322265625