3 0.97265625 0.27197265625 0.0322265625 0.05859375
1 0.939453125 0.2822265625 0.03369140625 0.046875
3 0.6962890625 0.28369140625 0.03564453125 0.0537109375
3 0.71923828125 0.31201171875 0.03662109375 0.05322265625
5 0.9462890625 0.33740234375 0.09814453125 0.18994140625
5 0.904296875 0.37158203125 0.103515625 0.22509765625
3 0.9716796875 0.373046875 0.03466796875 0.05126953125
5 0.6552734375 0.390625 0.12109375 0.2666015625
0 0.88427734375 0.404296875 0.14208984375 0.1884765625
5 0.6806640625 0.41015625 0.1494140625 0.2490234375
0 0.65966796875 0.470703125 0.1826171875 0.29150390625
5 0.939453125 0.4833984375 0.12060546875 0.27197265625
3 0.45654296875 0.5029296875 0.0537109375 0.08642578125
2 0.71875 0.5537109375 0.0263671875 0.025390625
0 0.91162109375 0.5703125 0.17626953125 0.2919921875
5 0.40673828125 0.66357421875 0.20947265625 0.408203125
0 0.408203125 0.78466796875 0.24853515625 0.42138671875
2 0.50048828125 0.84765625 0.0390625 0.04248046875