5 0.0595703125 0.11474609375 0.06640625 0.2294921875
5 0.08984375 0.12060546875 0.0654296875 0.20068359375
0 0.0712890625 0.1494140625 0.1240234375 0.16357421875
1 0.07470703125 0.02099609375 0.03173828125 0.04150390625
3 0.1015625 0.037109375 0.0205078125 0.033203125
3 0.84619140625 0.37353515625 0.03955078125 0.06201171875
3 0.87451171875 0.4052734375 0.04248046875 0.06298828125
5 0.8017578125 0.48095703125 0.13671875 0.27685546875
5 0.82275390625 0.50927734375 0.166015625 0.27001953125
0 0.798828125 0.5751953125 0.19384765625 0.32568359375
3 0.69091796875 0.66845703125 0.05712890625 0.08251953125
2 0.85791015625 0.66943359375 0.0283203125 0.02587890625
5 0.6259765625 0.8134765625 0.21435546875 0.37255859375
0 0.619140625 0.86669921875 0.365234375 0.2666015625