1 0.61328125 0.1171875 0.02685546875 0.03857421875
5 0.591796875 0.15966796875 0.0693359375 0.1220703125
5 0.62109375 0.16455078125 0.08056640625 0.16015625
3 0.5576171875 0.20068359375 0.03125 0.04736328125
3 0.5810546875 0.22314453125 0.03076171875 0.05126953125
0 0.609375 0.248046875 0.10400390625 0.193359375
1 0.95068359375 0.2490234375 0.0419921875 0.056640625
3 0.74462890625 0.2509765625 0.0341796875 0.0478515625
2 0.64697265625 0.26220703125 0.0234375 0.0185546875
3 0.78076171875 0.27294921875 0.02978515625 0.04443359375
5 0.52783203125 0.2900390625 0.09375 0.224609375
5 0.5439453125 0.3095703125 0.12646484375 0.22119140625
5 0.92041015625 0.3408203125 0.1044921875 0.240234375
5 0.71533203125 0.34912109375 0.10400390625 0.244140625
3 0.26025390625 0.35498046875 0.04541015625 0.06787109375
0 0.533203125 0.36474609375 0.13134765625 0.25048828125
5 0.74462890625 0.36572265625 0.11572265625 0.22900390625
0 0.71337890625 0.4169921875 0.1552734375 0.24072265625
0 0.91552734375 0.41748046875 0.16845703125 0.2255859375
2 0.9873046875 0.43603515625 0.01953125 0.02197265625
2 0.56787109375 0.43798828125 0.02783203125 0.02197265625
2 0.77587890625 0.44873046875 0.0234375 0.0224609375
5 0.22900390625 0.4931640625 0.14599609375 0.34423828125
0 0.2421875 0.59423828125 0.1796875 0.3515625
2 0.29345703125 0.642578125 0.03759765625 0.0361328125
4 0.912109375 0.07470703125 0.087890625 0.14892578125
3 0.63623046875 0.1083984375 0.025390625 0.0498046875