3 0.693359375 0.13623046875 0.03271484375 0.05419921875
1 0.6689453125 0.14697265625 0.02880859375 0.04248046875
5 0.64453125 0.19482421875 0.076171875 0.1376953125
5 0.671875 0.19775390625 0.0849609375 0.1748046875
3 0.583984375 0.2216796875 0.03759765625 0.060546875
3 0.60791015625 0.244140625 0.03369140625 0.05615234375
3 0.7822265625 0.27294921875 0.03369140625 0.0517578125
5 0.662109375 0.2763671875 0.11279296875 0.19775390625
3 0.82080078125 0.2880859375 0.0322265625 0.0546875
2 0.70654296875 0.298828125 0.0244140625 0.02099609375
5 0.55224609375 0.3134765625 0.1025390625 0.24267578125
5 0.56884765625 0.3291015625 0.13427734375 0.2236328125
5 0.751953125 0.3701171875 0.1123046875 0.24462890625
3 0.2900390625 0.37890625 0.04638671875 0.0791015625
0 0.5556640625 0.3837890625 0.134765625 0.26318359375
5 0.78271484375 0.3857421875 0.11865234375 0.24560546875
0 0.75146484375 0.44189453125 0.16455078125 0.248046875
2 0.59375 0.46044921875 0.02783203125 0.025390625
2 0.81591796875 0.47607421875 0.02490234375 0.02392578125
5 0.25537109375 0.5166015625 0.154296875 0.35205078125
0 0.26806640625 0.6318359375 0.18359375 0.33740234375
4 0.857421875 0.064453125 0.08154296875 0.12841796875
2 0.32421875 0.67431640625 0.03857421875 0.03662109375