0 0.287109375 0.14990234375 0.10791015625 0.1591796875
3 0.06298828125 0.16015625 0.03076171875 0.0498046875
2 0.3232421875 0.16357421875 0.02001953125 0.01806640625
1 0.87353515625 0.23193359375 0.03662109375 0.0517578125
5 0.05322265625 0.27392578125 0.10009765625 0.27734375
5 0.86376953125 0.31787109375 0.078125 0.22021484375
0 0.056640625 0.35009765625 0.10888671875 0.25048828125
2 0.07568359375 0.3740234375 0.0302734375 0.0244140625
2 0.912109375 0.42333984375 0.0224609375 0.021484375
0 0.89013671875 0.439453125 0.08837890625 0.15869140625
4 0.88037109375 0.0693359375 0.080078125 0.13818359375