0 0.2646484375 0.13623046875 0.09765625 0.15625
2 0.2958984375 0.1494140625 0.02001953125 0.0185546875
3 0.0537109375 0.1552734375 0.0322265625 0.05859375
1 0.8193359375 0.20458984375 0.04150390625 0.0576171875
5 0.0478515625 0.265625 0.095703125 0.27734375
5 0.81201171875 0.26953125 0.06982421875 0.185546875
0 0.05126953125 0.34619140625 0.1015625 0.236328125
2 0.0703125 0.3623046875 0.02978515625 0.02587890625
2 0.853515625 0.38623046875 0.02392578125 0.02197265625
0 0.837890625 0.4013671875 0.0732421875 0.16943359375
4 0.93310546875 0.08349609375 0.08056640625 0.150390625
5 0.25048828125 0.09033203125 0.068359375 0.171875
5 0.275390625 0.09423828125 0.0693359375 0.16455078125